#timebase=20000000(ns)
,#voltbase=1000000(mv/100)
#size=4064
1.00000E-07,-0.080
2.00000E-07,-0.080
3.00000E-07,-0.040
4.00000E-07,-0.040
5.00000E-07,-0.040
6.00000E-07,0.000
7.00000E-07,-0.040
8.00000E-07,-0.040
9.00000E-07,3.080
1.00000E-06,3.240
1.10000E-06,3.240
1.20000E-06,3.280
1.30000E-06,3.320
1.40000E-06,3.320
1.50000E-06,3.320
1.60000E-06,3.320
1.70000E-06,3.320
1.80000E-06,3.320
1.90000E-06,3.320
2.00000E-06,3.360
2.10000E-06,3.360
2.20000E-06,3.320
2.30000E-06,3.320
2.40000E-06,3.280
2.50000E-06,3.320
2.60000E-06,3.320
2.70000E-06,3.360
2.80000E-06,3.320
2.90000E-06,0.880
3.00000E-06,0.040
3.10000E-06,-0.040
3.20000E-06,0.000
3.30000E-06,0.080
3.40000E-06,0.080
3.50000E-06,0.040
3.60000E-06,-0.040
3.70000E-06,-0.040
3.80000E-06,-0.040
3.90000E-06,-0.080
4.00000E-06,-0.040
4.10000E-06,-0.040
4.20000E-06,0.000
4.30000E-06,-0.040
4.40000E-06,-0.040
4.50000E-06,-0.040
4.60000E-06,-0.040
4.70000E-06,-0.040
4.80000E-06,-0.040
4.90000E-06,-0.040
5.00000E-06,-0.040
5.10000E-06,-0.080
5.20000E-06,-0.040
5.30000E-06,-0.040
5.40000E-06,-0.080
5.50000E-06,-0.080
5.60000E-06,-0.120
5.70000E-06,-0.040
5.80000E-06,-0.040
5.90000E-06,0.000
6.00000E-06,-0.040
6.10000E-06,-0.080
6.20000E-06,-0.040
6.30000E-06,-0.040
6.40000E-06,-0.080
6.50000E-06,-0.080
6.60000E-06,-0.080
6.70000E-06,-0.080
6.80000E-06,0.000
6.90000E-06,-0.040
7.00000E-06,2.400
7.10000E-06,3.240
7.20000E-06,3.320
7.30000E-06,3.280
7.40000E-06,3.320
7.50000E-06,3.280
7.60000E-06,3.280
7.70000E-06,3.320
7.80000E-06,3.320
7.90000E-06,3.320
8.00000E-06,3.280
8.10000E-06,3.360
8.20000E-06,3.320
8.30000E-06,3.320
8.40000E-06,3.320
8.50000E-06,3.360
8.60000E-06,3.320
8.70000E-06,3.320
8.80000E-06,3.320
8.90000E-06,3.280
9.00000E-06,3.320
9.10000E-06,0.120
9.20000E-06,0.040
9.30000E-06,0.040
9.40000E-06,0.040
9.50000E-06,0.040
9.60000E-06,0.040
9.70000E-06,0.000
9.80000E-06,0.000
9.90000E-06,0.040
1.00000E-05,-0.040
1.01000E-05,-0.040
1.02000E-05,0.000
1.03000E-05,0.000
1.04000E-05,0.000
1.05000E-05,0.000
1.06000E-05,0.000
1.07000E-05,0.000
1.08000E-05,0.000
1.09000E-05,-0.040
1.10000E-05,-0.040
1.11000E-05,-0.040
1.12000E-05,0.000
1.13000E-05,-0.080
1.14000E-05,-0.040
1.15000E-05,-0.040
1.16000E-05,-0.040
1.17000E-05,-0.080
1.18000E-05,0.000
1.19000E-05,0.000
1.20000E-05,-0.080
1.21000E-05,-0.040
1.22000E-05,-0.080
1.23000E-05,-0.040
1.24000E-05,-0.040
1.25000E-05,-0.080
1.26000E-05,-0.080
1.27000E-05,-0.040
1.28000E-05,0.000
1.29000E-05,-0.040
1.30000E-05,-0.040
1.31000E-05,-0.120
1.32000E-05,2.360
1.33000E-05,3.240
1.34000E-05,3.240
1.35000E-05,3.280
1.36000E-05,3.320
1.37000E-05,3.280
1.38000E-05,3.240
1.39000E-05,3.360
1.40000E-05,3.320
1.41000E-05,3.240
1.42000E-05,3.280
1.43000E-05,3.320
1.44000E-05,3.360
1.45000E-05,3.320
1.46000E-05,3.360
1.47000E-05,0.520
1.48000E-05,0.040
1.49000E-05,0.000
1.50000E-05,0.000
1.51000E-05,0.000
1.52000E-05,0.000
1.53000E-05,-0.040
1.54000E-05,0.000
1.55000E-05,0.040
1.56000E-05,-0.040
1.57000E-05,-0.040
1.58000E-05,-0.080
1.59000E-05,-0.040
1.60000E-05,0.040
1.61000E-05,-0.040
1.62000E-05,-0.040
1.63000E-05,0.000
1.64000E-05,-0.080
1.65000E-05,-0.040
1.66000E-05,-0.080
1.67000E-05,-0.040
1.68000E-05,-0.040
1.69000E-05,-0.040
1.70000E-05,-0.040
1.71000E-05,-0.080
1.72000E-05,-0.040
1.73000E-05,-0.040
1.74000E-05,-0.080
1.75000E-05,-0.040
1.76000E-05,-0.040
1.77000E-05,-0.080
1.78000E-05,-0.120
1.79000E-05,-0.080
1.80000E-05,-0.040
1.81000E-05,-0.040
1.82000E-05,-0.080
1.83000E-05,-0.040
1.84000E-05,-0.080
1.85000E-05,-0.080
1.86000E-05,0.000
1.87000E-05,0.000
1.88000E-05,-0.080
1.89000E-05,3.200
1.90000E-05,3.280
1.91000E-05,3.280
1.92000E-05,3.240
1.93000E-05,3.360
1.94000E-05,3.320
1.95000E-05,3.320
1.96000E-05,3.320
1.97000E-05,3.360
1.98000E-05,3.320
1.99000E-05,3.360
2.00000E-05,3.240
2.01000E-05,3.280
2.02000E-05,3.320
2.03000E-05,3.360
2.04000E-05,3.360
2.05000E-05,3.320
2.06000E-05,3.360
2.07000E-05,3.360
2.08000E-05,3.320
2.09000E-05,0.480
2.10000E-05,0.040
2.11000E-05,0.040
2.12000E-05,-0.040
2.13000E-05,0.040
2.14000E-05,0.040
2.15000E-05,0.000
2.16000E-05,0.000
2.17000E-05,-0.040
2.18000E-05,0.000
2.19000E-05,-0.040
2.20000E-05,0.000
2.21000E-05,0.000
2.22000E-05,0.000
2.23000E-05,0.040
2.24000E-05,-0.040
2.25000E-05,-0.080
2.26000E-05,0.040
2.27000E-05,0.040
2.28000E-05,-0.040
2.29000E-05,-0.040
2.30000E-05,-0.040
2.31000E-05,-0.080
2.32000E-05,0.040
2.33000E-05,-0.120
2.34000E-05,-0.040
2.35000E-05,-0.040
2.36000E-05,0.000
2.37000E-05,0.000
2.38000E-05,-0.080
2.39000E-05,-0.040
2.40000E-05,-0.080
2.41000E-05,-0.040
2.42000E-05,-0.040
2.43000E-05,-0.040
2.44000E-05,-0.080
2.45000E-05,-0.040
2.46000E-05,-0.120
2.47000E-05,-0.080
2.48000E-05,-0.040
2.49000E-05,-0.040
2.50000E-05,2.760
2.51000E-05,3.240
2.52000E-05,3.240
2.53000E-05,3.280
2.54000E-05,3.320
2.55000E-05,3.320
2.56000E-05,3.240
2.57000E-05,3.360
2.58000E-05,3.320
2.59000E-05,3.320
2.60000E-05,3.320
2.61000E-05,3.320
2.62000E-05,3.360
2.63000E-05,3.280
2.64000E-05,3.320
2.65000E-05,3.360
2.66000E-05,3.360
2.67000E-05,3.360
2.68000E-05,3.320
2.69000E-05,3.320
2.70000E-05,2.400
2.71000E-05,0.040
2.72000E-05,0.040
2.73000E-05,0.000
2.74000E-05,-0.040
2.75000E-05,0.000
2.76000E-05,-0.040
2.77000E-05,0.000
2.78000E-05,-0.040
2.79000E-05,0.000
2.80000E-05,-0.040
2.81000E-05,0.000
2.82000E-05,-0.120
2.83000E-05,0.040
2.84000E-05,0.040
2.85000E-05,-0.040
2.86000E-05,-0.080
2.87000E-05,0.000
2.88000E-05,-0.040
2.89000E-05,-0.040
2.90000E-05,-0.080
2.91000E-05,-0.040
2.92000E-05,-0.040
2.93000E-05,-0.040
2.94000E-05,-0.040
2.95000E-05,-0.040
2.96000E-05,-0.040
2.97000E-05,-0.120
2.98000E-05,-0.080
2.99000E-05,-0.040
3.00000E-05,0.000
3.01000E-05,0.000
3.02000E-05,0.000
3.03000E-05,0.000
3.04000E-05,-0.040
3.05000E-05,-0.040
3.06000E-05,-0.040
3.07000E-05,-0.040
3.08000E-05,-0.120
3.09000E-05,-0.040
3.10000E-05,-0.080
3.11000E-05,0.880
3.12000E-05,3.240
3.13000E-05,3.320
3.14000E-05,3.240
3.15000E-05,3.280
3.16000E-05,3.280
3.17000E-05,3.320
3.18000E-05,3.240
3.19000E-05,3.360
3.20000E-05,3.320
3.21000E-05,3.360
3.22000E-05,3.320
3.23000E-05,3.320
3.24000E-05,3.320
3.25000E-05,3.240
3.26000E-05,3.280
3.27000E-05,3.360
3.28000E-05,3.360
3.29000E-05,3.320
3.30000E-05,3.360
3.31000E-05,3.320
3.32000E-05,2.440
3.33000E-05,0.120
3.34000E-05,0.080
3.35000E-05,0.040
3.36000E-05,-0.040
3.37000E-05,-0.040
3.38000E-05,-0.040
3.39000E-05,0.000
3.40000E-05,0.000
3.41000E-05,0.000
3.42000E-05,0.000
3.43000E-05,0.000
3.44000E-05,-0.040
3.45000E-05,0.000
3.46000E-05,0.000
3.47000E-05,0.000
3.48000E-05,-0.040
3.49000E-05,0.040
3.50000E-05,0.040
3.51000E-05,-0.040
3.52000E-05,-0.040
3.53000E-05,-0.040
3.54000E-05,-0.040
3.55000E-05,-0.040
3.56000E-05,-0.040
3.57000E-05,-0.040
3.58000E-05,0.000
3.59000E-05,-0.040
3.60000E-05,-0.040
3.61000E-05,-0.080
3.62000E-05,-0.080
3.63000E-05,-0.080
3.64000E-05,-0.040
3.65000E-05,-0.040
3.66000E-05,0.000
3.67000E-05,-0.080
3.68000E-05,2.760
3.69000E-05,3.240
3.70000E-05,3.320
3.71000E-05,3.280
3.72000E-05,3.320
3.73000E-05,3.280
3.74000E-05,3.360
3.75000E-05,3.360
3.76000E-05,3.280
3.77000E-05,3.280
3.78000E-05,3.280
3.79000E-05,3.320
3.80000E-05,3.360
3.81000E-05,3.360
3.82000E-05,3.320
3.83000E-05,3.320
3.84000E-05,3.280
3.85000E-05,3.320
3.86000E-05,3.360
3.87000E-05,3.280
3.88000E-05,2.440
3.89000E-05,0.040
3.90000E-05,0.000
3.91000E-05,0.040
3.92000E-05,0.000
3.93000E-05,-0.040
3.94000E-05,-0.040
3.95000E-05,0.040
3.96000E-05,0.040
3.97000E-05,0.040
3.98000E-05,-0.040
3.99000E-05,-0.040
4.00000E-05,-0.040
4.01000E-05,0.000
4.02000E-05,0.000
4.03000E-05,0.000
4.04000E-05,0.000
4.05000E-05,0.040
4.06000E-05,0.000
4.07000E-05,-0.080
4.08000E-05,-0.040
4.09000E-05,0.040
4.10000E-05,-0.040
4.11000E-05,0.000
4.12000E-05,0.000
4.13000E-05,-0.040
4.14000E-05,0.000
4.15000E-05,0.000
4.16000E-05,0.000
4.17000E-05,0.000
4.18000E-05,0.000
4.19000E-05,0.000
4.20000E-05,0.000
4.21000E-05,-0.040
4.22000E-05,-0.040
4.23000E-05,-0.040
4.24000E-05,-0.040
4.25000E-05,-0.080
4.26000E-05,0.000
4.27000E-05,0.000
4.28000E-05,-0.040
4.29000E-05,-0.040
4.30000E-05,-0.040
4.31000E-05,3.240
4.32000E-05,3.280
4.33000E-05,3.280
4.34000E-05,3.280
4.35000E-05,3.320
4.36000E-05,3.360
4.37000E-05,3.280
4.38000E-05,3.360
4.39000E-05,3.240
4.40000E-05,3.320
4.41000E-05,3.320
4.42000E-05,3.320
4.43000E-05,3.320
4.44000E-05,3.280
4.45000E-05,3.320
4.46000E-05,3.320
4.47000E-05,3.360
4.48000E-05,3.320
4.49000E-05,3.320
4.50000E-05,3.360
4.51000E-05,0.320
4.52000E-05,0.080
4.53000E-05,0.040
4.54000E-05,0.040
4.55000E-05,0.000
4.56000E-05,0.000
4.57000E-05,0.000
4.58000E-05,-0.040
4.59000E-05,-0.040
4.60000E-05,0.000
4.61000E-05,0.000
4.62000E-05,0.000
4.63000E-05,0.000
4.64000E-05,0.000
4.65000E-05,-0.040
4.66000E-05,-0.040
4.67000E-05,-0.040
4.68000E-05,-0.080
4.69000E-05,0.040
4.70000E-05,-0.080
4.71000E-05,-0.040
4.72000E-05,0.000
4.73000E-05,-0.040
4.74000E-05,-0.040
4.75000E-05,0.000
4.76000E-05,-0.040
4.77000E-05,0.000
4.78000E-05,-0.040
4.79000E-05,0.000
4.80000E-05,0.000
4.81000E-05,-0.040
4.82000E-05,0.000
4.83000E-05,-0.080
4.84000E-05,-0.080
4.85000E-05,-0.080
4.86000E-05,-0.080
4.87000E-05,-0.040
4.88000E-05,-0.040
4.89000E-05,-0.040
4.90000E-05,-0.040
4.91000E-05,-0.080
4.92000E-05,2.920
4.93000E-05,3.240
4.94000E-05,3.320
4.95000E-05,3.360
4.96000E-05,3.280
4.97000E-05,3.360
4.98000E-05,3.320
4.99000E-05,3.240
5.00000E-05,3.360
5.01000E-05,3.320
5.02000E-05,3.320
5.03000E-05,3.360
5.04000E-05,3.360
5.05000E-05,3.360
5.06000E-05,3.320
5.07000E-05,2.440
5.08000E-05,0.120
5.09000E-05,0.040
5.10000E-05,0.040
5.11000E-05,-0.040
5.12000E-05,-0.040
5.13000E-05,-0.040
5.14000E-05,0.000
5.15000E-05,0.000
5.16000E-05,-0.040
5.17000E-05,-0.040
5.18000E-05,-0.080
5.19000E-05,-0.080
5.20000E-05,-0.040
5.21000E-05,-0.040
5.22000E-05,-0.040
5.23000E-05,-0.040
5.24000E-05,-0.040
5.25000E-05,0.000
5.26000E-05,0.000
5.27000E-05,0.000
5.28000E-05,0.000
5.29000E-05,-0.040
5.30000E-05,0.000
5.31000E-05,-0.040
5.32000E-05,0.000
5.33000E-05,-0.040
5.34000E-05,-0.080
5.35000E-05,-0.040
5.36000E-05,-0.040
5.37000E-05,-0.080
5.38000E-05,-0.080
5.39000E-05,-0.040
5.40000E-05,-0.040
5.41000E-05,0.000
5.42000E-05,-0.040
5.43000E-05,-0.040
5.44000E-05,-0.080
5.45000E-05,-0.040
5.46000E-05,-0.040
5.47000E-05,-0.040
5.48000E-05,0.840
5.49000E-05,3.160
5.50000E-05,3.240
5.51000E-05,3.320
5.52000E-05,3.240
5.53000E-05,3.320
5.54000E-05,3.320
5.55000E-05,3.360
5.56000E-05,3.280
5.57000E-05,3.320
5.58000E-05,3.320
5.59000E-05,3.320
5.60000E-05,3.320
5.61000E-05,3.360
5.62000E-05,3.320
5.63000E-05,3.320
5.64000E-05,3.320
5.65000E-05,3.360
5.66000E-05,3.360
5.67000E-05,3.320
5.68000E-05,3.280
5.69000E-05,0.160
5.70000E-05,0.000
5.71000E-05,0.000
5.72000E-05,0.000
5.73000E-05,0.000
5.74000E-05,0.040
5.75000E-05,0.080
5.76000E-05,-0.080
5.77000E-05,-0.080
5.78000E-05,-0.040
5.79000E-05,0.000
5.80000E-05,-0.040
5.81000E-05,-0.080
5.82000E-05,0.000
5.83000E-05,-0.040
5.84000E-05,-0.040
5.85000E-05,-0.040
5.86000E-05,-0.040
5.87000E-05,-0.080
5.88000E-05,-0.040
5.89000E-05,-0.040
5.90000E-05,-0.040
5.91000E-05,0.040
5.92000E-05,-0.080
5.93000E-05,-0.040
5.94000E-05,-0.040
5.95000E-05,-0.040
5.96000E-05,0.000
5.97000E-05,-0.040
5.98000E-05,0.000
5.99000E-05,-0.040
6.00000E-05,0.000
6.01000E-05,0.000
6.02000E-05,-0.040
6.03000E-05,-0.040
6.04000E-05,-0.040
6.05000E-05,-0.040
6.06000E-05,-0.080
6.07000E-05,-0.080
6.08000E-05,0.040
6.09000E-05,-0.080
6.10000E-05,2.440
6.11000E-05,3.200
6.12000E-05,3.280
6.13000E-05,3.320
6.14000E-05,3.280
6.15000E-05,3.360
6.16000E-05,3.360
6.17000E-05,3.280
6.18000E-05,3.360
6.19000E-05,3.320
6.20000E-05,3.320
6.21000E-05,3.320
6.22000E-05,3.280
6.23000E-05,3.360
6.24000E-05,3.320
6.25000E-05,3.280
6.26000E-05,3.280
6.27000E-05,3.360
6.28000E-05,3.320
6.29000E-05,3.320
6.30000E-05,3.320
6.31000E-05,0.040
6.32000E-05,0.000
6.33000E-05,0.000
6.34000E-05,0.000
6.35000E-05,-0.040
6.36000E-05,0.000
6.37000E-05,0.000
6.38000E-05,-0.040
6.39000E-05,0.000
6.40000E-05,0.000
6.41000E-05,0.000
6.42000E-05,-0.040
6.43000E-05,0.000
6.44000E-05,0.000
6.45000E-05,0.000
6.46000E-05,-0.040
6.47000E-05,-0.040
6.48000E-05,-0.040
6.49000E-05,-0.040
6.50000E-05,-0.040
6.51000E-05,0.000
6.52000E-05,-0.040
6.53000E-05,-0.120
6.54000E-05,-0.080
6.55000E-05,-0.080
6.56000E-05,-0.080
6.57000E-05,-0.120
6.58000E-05,-0.040
6.59000E-05,-0.080
6.60000E-05,0.000
6.61000E-05,-0.040
6.62000E-05,-0.040
6.63000E-05,-0.080
6.64000E-05,-0.040
6.65000E-05,-0.040
6.66000E-05,-0.040
6.67000E-05,-0.040
6.68000E-05,-0.040
6.69000E-05,-0.040
6.70000E-05,-0.040
6.71000E-05,-0.040
6.72000E-05,3.000
6.73000E-05,3.240
6.74000E-05,3.280
6.75000E-05,3.280
6.76000E-05,3.280
6.77000E-05,3.320
6.78000E-05,3.240
6.79000E-05,3.280
6.80000E-05,3.240
6.81000E-05,3.320
6.82000E-05,3.320
6.83000E-05,3.280
6.84000E-05,3.320
6.85000E-05,3.280
6.86000E-05,3.280
6.87000E-05,2.360
6.88000E-05,0.040
6.89000E-05,-0.040
6.90000E-05,0.000
6.91000E-05,0.080
6.92000E-05,-0.040
6.93000E-05,-0.040
6.94000E-05,0.000
6.95000E-05,-0.080
6.96000E-05,0.000
6.97000E-05,-0.080
6.98000E-05,-0.080
6.99000E-05,-0.040
7.00000E-05,-0.040
7.01000E-05,-0.040
7.02000E-05,-0.080
7.03000E-05,-0.080
7.04000E-05,-0.080
7.05000E-05,-0.040
7.06000E-05,-0.040
7.07000E-05,0.000
7.08000E-05,0.000
7.09000E-05,0.000
7.10000E-05,0.000
7.11000E-05,-0.040
7.12000E-05,-0.080
7.13000E-05,0.000
7.14000E-05,0.000
7.15000E-05,-0.040
7.16000E-05,-0.040
7.17000E-05,-0.040
7.18000E-05,0.000
7.19000E-05,-0.080
7.20000E-05,-0.080
7.21000E-05,-0.040
7.22000E-05,-0.040
7.23000E-05,0.000
7.24000E-05,-0.080
7.25000E-05,-0.080
7.26000E-05,-0.040
7.27000E-05,-0.040
7.28000E-05,-0.080
7.29000E-05,3.120
7.30000E-05,3.280
7.31000E-05,3.320
7.32000E-05,3.320
7.33000E-05,3.240
7.34000E-05,3.360
7.35000E-05,3.360
7.36000E-05,3.320
7.37000E-05,3.320
7.38000E-05,3.360
7.39000E-05,3.320
7.40000E-05,3.360
7.41000E-05,3.320
7.42000E-05,3.320
7.43000E-05,3.360
7.44000E-05,3.320
7.45000E-05,3.360
7.46000E-05,3.320
7.47000E-05,3.320
7.48000E-05,3.280
7.49000E-05,0.840
7.50000E-05,0.000
7.51000E-05,0.000
7.52000E-05,0.000
7.53000E-05,0.000
7.54000E-05,-0.040
7.55000E-05,0.040
7.56000E-05,-0.080
7.57000E-05,-0.080
7.58000E-05,-0.080
7.59000E-05,0.040
7.60000E-05,-0.080
7.61000E-05,-0.120
7.62000E-05,-0.040
7.63000E-05,-0.040
7.64000E-05,-0.040
7.65000E-05,-0.080
7.66000E-05,-0.040
7.67000E-05,-0.040
7.68000E-05,0.000
7.69000E-05,-0.040
7.70000E-05,-0.040
7.71000E-05,0.000
7.72000E-05,-0.040
7.73000E-05,-0.080
7.74000E-05,-0.080
7.75000E-05,-0.080
7.76000E-05,-0.040
7.77000E-05,-0.080
7.78000E-05,-0.080
7.79000E-05,-0.080
7.80000E-05,-0.080
7.81000E-05,-0.080
7.82000E-05,0.000
7.83000E-05,-0.080
7.84000E-05,-0.080
7.85000E-05,-0.040
7.86000E-05,-0.080
7.87000E-05,-0.080
7.88000E-05,0.000
7.89000E-05,-0.040
7.90000E-05,-0.080
7.91000E-05,3.200
7.92000E-05,3.280
7.93000E-05,3.320
7.94000E-05,3.320
7.95000E-05,3.320
7.96000E-05,3.280
7.97000E-05,3.360
7.98000E-05,3.280
7.99000E-05,3.320
8.00000E-05,3.360
8.01000E-05,3.320
8.02000E-05,3.320
8.03000E-05,3.360
8.04000E-05,3.280
8.05000E-05,3.320
8.06000E-05,3.280
8.07000E-05,3.320
8.08000E-05,3.360
8.09000E-05,3.320
8.10000E-05,3.360
8.11000E-05,0.320
8.12000E-05,0.040
8.13000E-05,-0.040
8.14000E-05,0.040
8.15000E-05,0.000
8.16000E-05,-0.040
8.17000E-05,-0.040
8.18000E-05,0.000
8.19000E-05,0.000
8.20000E-05,0.000
8.21000E-05,-0.040
8.22000E-05,0.040
8.23000E-05,0.000
8.24000E-05,-0.040
8.25000E-05,-0.040
8.26000E-05,0.000
8.27000E-05,0.000
8.28000E-05,-0.080
8.29000E-05,-0.040
8.30000E-05,-0.040
8.31000E-05,-0.080
8.32000E-05,-0.040
8.33000E-05,0.000
8.34000E-05,-0.040
8.35000E-05,-0.040
8.36000E-05,-0.040
8.37000E-05,-0.080
8.38000E-05,-0.080
8.39000E-05,0.000
8.40000E-05,-0.040
8.41000E-05,-0.040
8.42000E-05,-0.040
8.43000E-05,0.000
8.44000E-05,-0.040
8.45000E-05,-0.040
8.46000E-05,-0.040
8.47000E-05,3.120
8.48000E-05,3.320
8.49000E-05,3.240
8.50000E-05,3.280
8.51000E-05,3.280
8.52000E-05,3.320
8.53000E-05,3.320
8.54000E-05,3.280
8.55000E-05,3.280
8.56000E-05,3.360
8.57000E-05,3.280
8.58000E-05,3.360
8.59000E-05,3.280
8.60000E-05,3.320
8.61000E-05,3.320
8.62000E-05,1.440
8.63000E-05,0.040
8.64000E-05,0.000
8.65000E-05,0.000
8.66000E-05,0.000
8.67000E-05,0.000
8.68000E-05,0.000
8.69000E-05,0.000
8.70000E-05,-0.080
8.71000E-05,-0.080
8.72000E-05,-0.080
8.73000E-05,-0.080
8.74000E-05,-0.040
8.75000E-05,-0.040
8.76000E-05,0.000
8.77000E-05,-0.040
8.78000E-05,-0.040
8.79000E-05,-0.040
8.80000E-05,0.000
8.81000E-05,-0.040
8.82000E-05,-0.080
8.83000E-05,-0.040
8.84000E-05,-0.040
8.85000E-05,-0.080
8.86000E-05,-0.040
8.87000E-05,-0.080
8.88000E-05,-0.040
8.89000E-05,-0.040
8.90000E-05,-0.040
8.91000E-05,0.000
8.92000E-05,-0.040
8.93000E-05,-0.040
8.94000E-05,-0.040
8.95000E-05,-0.040
8.96000E-05,-0.080
8.97000E-05,-0.040
8.98000E-05,2.920
8.99000E-05,3.320
9.00000E-05,3.240
9.01000E-05,3.360
9.02000E-05,3.360
9.03000E-05,3.320
9.04000E-05,3.280
9.05000E-05,3.320
9.06000E-05,3.280
9.07000E-05,3.280
9.08000E-05,3.320
9.09000E-05,3.320
9.10000E-05,3.320
9.11000E-05,3.280
9.12000E-05,3.360
9.13000E-05,3.320
9.14000E-05,3.320
9.15000E-05,3.360
9.16000E-05,3.320
9.17000E-05,3.360
9.18000E-05,1.440
9.19000E-05,0.000
9.20000E-05,0.000
9.21000E-05,0.000
9.22000E-05,-0.040
9.23000E-05,-0.040
9.24000E-05,0.000
9.25000E-05,-0.080
9.26000E-05,-0.040
9.27000E-05,0.000
9.28000E-05,0.000
9.29000E-05,-0.040
9.30000E-05,-0.080
9.31000E-05,0.040
9.32000E-05,-0.080
9.33000E-05,-0.040
9.34000E-05,-0.040
9.35000E-05,0.000
9.36000E-05,-0.040
9.37000E-05,-0.080
9.38000E-05,-0.040
9.39000E-05,-0.040
9.40000E-05,-0.080
9.41000E-05,-0.040
9.42000E-05,-0.040
9.43000E-05,-0.040
9.44000E-05,-0.040
9.45000E-05,-0.080
9.46000E-05,-0.080
9.47000E-05,-0.040
9.48000E-05,0.000
9.49000E-05,-0.040
9.50000E-05,-0.040
9.51000E-05,-0.040
9.52000E-05,-0.080
9.53000E-05,-0.040
9.54000E-05,-0.080
9.55000E-05,-0.080
9.56000E-05,-0.040
9.57000E-05,-0.080
9.58000E-05,-0.080
9.59000E-05,-0.040
9.60000E-05,0.840
9.61000E-05,3.200
9.62000E-05,3.240
9.63000E-05,3.280
9.64000E-05,3.320
9.65000E-05,3.280
9.66000E-05,3.320
9.67000E-05,3.240
9.68000E-05,3.280
9.69000E-05,3.360
9.70000E-05,3.360
9.71000E-05,3.320
9.72000E-05,3.320
9.73000E-05,3.320
9.74000E-05,3.320
9.75000E-05,3.360
9.76000E-05,3.240
9.77000E-05,3.360
9.78000E-05,3.360
9.79000E-05,3.280
9.80000E-05,3.280
9.81000E-05,0.200
9.82000E-05,0.000
9.83000E-05,0.040
9.84000E-05,-0.040
9.85000E-05,0.000
9.86000E-05,-0.040
9.87000E-05,0.000
9.88000E-05,-0.040
9.89000E-05,0.000
9.90000E-05,0.000
9.91000E-05,0.000
9.92000E-05,-0.040
9.93000E-05,-0.040
9.94000E-05,-0.080
9.95000E-05,-0.040
9.96000E-05,0.000
9.97000E-05,0.000
9.98000E-05,-0.040
9.99000E-05,0.000
1.00000E-04,-0.080
1.00100E-04,-0.080
1.00200E-04,-0.040
1.00300E-04,0.000
1.00400E-04,0.000
1.00500E-04,0.000
1.00600E-04,-0.040
1.00700E-04,-0.040
1.00800E-04,-0.040
1.00900E-04,0.000
1.01000E-04,-0.080
1.01100E-04,-0.040
1.01200E-04,-0.040
1.01300E-04,-0.040
1.01400E-04,-0.040
1.01500E-04,-0.040
1.01600E-04,-0.040
1.01700E-04,-0.040
1.01800E-04,-0.080
1.01900E-04,-0.040
1.02000E-04,-0.040
1.02100E-04,-0.080
1.02200E-04,3.120
1.02300E-04,3.360
1.02400E-04,3.200
1.02500E-04,3.280
1.02600E-04,3.280
1.02700E-04,3.280
1.02800E-04,3.240
1.02900E-04,3.320
1.03000E-04,3.360
1.03100E-04,3.280
1.03200E-04,3.280
1.03300E-04,3.280
1.03400E-04,3.320
1.03500E-04,3.360
1.03600E-04,3.320
1.03700E-04,1.440
1.03800E-04,0.000
1.03900E-04,0.000
1.04000E-04,-0.040
1.04100E-04,-0.080
1.04200E-04,0.040
1.04300E-04,-0.080
1.04400E-04,-0.040
1.04500E-04,-0.040
1.04600E-04,-0.040
1.04700E-04,-0.040
1.04800E-04,-0.040
1.04900E-04,-0.040
1.05000E-04,-0.080
1.05100E-04,-0.040
1.05200E-04,0.000
1.05300E-04,-0.040
1.05400E-04,-0.040
1.05500E-04,-0.040
1.05600E-04,0.000
1.05700E-04,-0.040
1.05800E-04,0.000
1.05900E-04,-0.040
1.06000E-04,-0.040
1.06100E-04,-0.080
1.06200E-04,-0.040
1.06300E-04,-0.040
1.06400E-04,0.000
1.06500E-04,-0.040
1.06600E-04,-0.040
1.06700E-04,-0.120
1.06800E-04,-0.080
1.06900E-04,-0.040
1.07000E-04,-0.080
1.07100E-04,-0.040
1.07200E-04,-0.040
1.07300E-04,-0.040
1.07400E-04,-0.080
1.07500E-04,-0.040
1.07600E-04,0.000
1.07700E-04,-0.040
1.07800E-04,1.800
1.07900E-04,3.200
1.08000E-04,3.320
1.08100E-04,3.200
1.08200E-04,3.320
1.08300E-04,3.360
1.08400E-04,3.320
1.08500E-04,3.320
1.08600E-04,3.360
1.08700E-04,3.320
1.08800E-04,3.320
1.08900E-04,3.320
1.09000E-04,3.360
1.09100E-04,3.360
1.09200E-04,3.280
1.09300E-04,3.320
1.09400E-04,3.320
1.09500E-04,3.280
1.09600E-04,3.360
1.09700E-04,3.320
1.09800E-04,3.280
1.09900E-04,0.080
1.10000E-04,0.000
1.10100E-04,-0.040
1.10200E-04,0.000
1.10300E-04,-0.040
1.10400E-04,-0.040
1.10500E-04,-0.040
1.10600E-04,0.040
1.10700E-04,0.000
1.10800E-04,0.000
1.10900E-04,0.000
1.11000E-04,-0.040
1.11100E-04,-0.040
1.11200E-04,0.000
1.11300E-04,-0.040
1.11400E-04,-0.040
1.11500E-04,0.000
1.11600E-04,0.000
1.11700E-04,-0.040
1.11800E-04,0.000
1.11900E-04,-0.080
1.12000E-04,-0.080
1.12100E-04,-0.080
1.12200E-04,-0.040
1.12300E-04,0.000
1.12400E-04,0.000
1.12500E-04,-0.040
1.12600E-04,-0.040
1.12700E-04,0.000
1.12800E-04,-0.040
1.12900E-04,-0.040
1.13000E-04,-0.040
1.13100E-04,-0.040
1.13200E-04,-0.040
1.13300E-04,-0.080
1.13400E-04,0.000
1.13500E-04,0.000
1.13600E-04,-0.040
1.13700E-04,-0.080
1.13800E-04,-0.080
1.13900E-04,-0.040
1.14000E-04,2.760
1.14100E-04,3.240
1.14200E-04,3.200
1.14300E-04,3.240
1.14400E-04,3.360
1.14500E-04,3.320
1.14600E-04,3.320
1.14700E-04,3.320
1.14800E-04,3.360
1.14900E-04,3.280
1.15000E-04,3.360
1.15100E-04,3.320
1.15200E-04,3.320
1.15300E-04,3.360
1.15400E-04,3.320
1.15500E-04,3.320
1.15600E-04,3.320
1.15700E-04,3.320
1.15800E-04,3.320
1.15900E-04,3.320
1.16000E-04,2.360
1.16100E-04,0.040
1.16200E-04,0.040
1.16300E-04,0.080
1.16400E-04,-0.040
1.16500E-04,-0.040
1.16600E-04,-0.040
1.16700E-04,-0.040
1.16800E-04,-0.040
1.16900E-04,-0.040
1.17000E-04,-0.040
1.17100E-04,0.000
1.17200E-04,0.000
1.17300E-04,-0.040
1.17400E-04,-0.040
1.17500E-04,-0.080
1.17600E-04,-0.080
1.17700E-04,-0.040
1.17800E-04,-0.040
1.17900E-04,-0.080
1.18000E-04,0.040
1.18100E-04,0.040
1.18200E-04,-0.040
1.18300E-04,-0.040
1.18400E-04,0.000
1.18500E-04,-0.040
1.18600E-04,0.000
1.18700E-04,0.000
1.18800E-04,0.000
1.18900E-04,-0.040
1.19000E-04,-0.040
1.19100E-04,-0.040
1.19200E-04,-0.040
1.19300E-04,-0.040
1.19400E-04,0.000
1.19500E-04,-0.040
1.19600E-04,-0.040
1.19700E-04,-0.040
1.19800E-04,-0.040
1.19900E-04,0.040
1.20000E-04,-0.080
1.20100E-04,-0.120
1.20200E-04,3.040
1.20300E-04,3.280
1.20400E-04,3.280
1.20500E-04,3.320
1.20600E-04,3.280
1.20700E-04,3.320
1.20800E-04,3.360
1.20900E-04,3.360
1.21000E-04,3.320
1.21100E-04,3.320
1.21200E-04,3.360
1.21300E-04,3.360
1.21400E-04,3.320
1.21500E-04,3.320
1.21600E-04,3.280
1.21700E-04,1.440
1.21800E-04,0.040
1.21900E-04,0.000
1.22000E-04,-0.040
1.22100E-04,0.000
1.22200E-04,0.000
1.22300E-04,0.000
1.22400E-04,0.000
1.22500E-04,0.000
1.22600E-04,-0.040
1.22700E-04,-0.080
1.22800E-04,0.000
1.22900E-04,0.000
1.23000E-04,0.000
1.23100E-04,-0.080
1.23200E-04,-0.040
1.23300E-04,-0.080
1.23400E-04,-0.040
1.23500E-04,-0.040
1.23600E-04,0.000
1.23700E-04,0.000
1.23800E-04,-0.040
1.23900E-04,-0.080
1.24000E-04,-0.040
1.24100E-04,-0.080
1.24200E-04,-0.040
1.24300E-04,0.040
1.24400E-04,-0.040
1.24500E-04,0.000
1.24600E-04,0.000
1.24700E-04,-0.040
1.24800E-04,-0.080
1.24900E-04,-0.040
1.25000E-04,-0.040
1.25100E-04,-0.080
1.25200E-04,-0.080
1.25300E-04,-0.040
1.25400E-04,-0.040
1.25500E-04,-0.040
1.25600E-04,-0.040
1.25700E-04,-0.040
1.25800E-04,-0.040
1.25900E-04,3.200
1.26000E-04,3.280
1.26100E-04,3.240
1.26200E-04,3.280
1.26300E-04,3.320
1.26400E-04,3.320
1.26500E-04,3.320
1.26600E-04,3.320
1.26700E-04,3.320
1.26800E-04,3.320
1.26900E-04,3.360
1.27000E-04,3.280
1.27100E-04,3.360
1.27200E-04,3.320
1.27300E-04,3.320
1.27400E-04,3.320
1.27500E-04,3.360
1.27600E-04,3.320
1.27700E-04,3.320
1.27800E-04,3.320
1.27900E-04,0.560
1.28000E-04,0.040
1.28100E-04,0.040
1.28200E-04,-0.040
1.28300E-04,0.000
1.28400E-04,0.000
1.28500E-04,0.000
1.28600E-04,0.000
1.28700E-04,-0.040
1.28800E-04,-0.080
1.28900E-04,0.000
1.29000E-04,-0.040
1.29100E-04,-0.040
1.29200E-04,-0.080
1.29300E-04,-0.080
1.29400E-04,-0.080
1.29500E-04,-0.040
1.29600E-04,-0.040
1.29700E-04,-0.040
1.29800E-04,0.000
1.29900E-04,0.000
1.30000E-04,-0.040
1.30100E-04,0.000
1.30200E-04,-0.080
1.30300E-04,-0.040
1.30400E-04,0.000
1.30500E-04,-0.080
1.30600E-04,-0.040
1.30700E-04,-0.080
1.30800E-04,-0.040
1.30900E-04,-0.040
1.31000E-04,-0.040
1.31100E-04,0.040
1.31200E-04,-0.040
1.31300E-04,-0.080
1.31400E-04,-0.040
1.31500E-04,-0.080
1.31600E-04,-0.080
1.31700E-04,-0.120
1.31800E-04,-0.120
1.31900E-04,-0.080
1.32000E-04,0.800
1.32100E-04,3.240
1.32200E-04,3.240
1.32300E-04,3.280
1.32400E-04,3.280
1.32500E-04,3.280
1.32600E-04,3.320
1.32700E-04,3.320
1.32800E-04,3.360
1.32900E-04,3.320
1.33000E-04,3.320
1.33100E-04,3.320
1.33200E-04,3.320
1.33300E-04,3.320
1.33400E-04,3.320
1.33500E-04,3.360
1.33600E-04,3.320
1.33700E-04,3.320
1.33800E-04,3.360
1.33900E-04,3.360
1.34000E-04,3.320
1.34100E-04,0.200
1.34200E-04,0.000
1.34300E-04,0.000
1.34400E-04,0.000
1.34500E-04,0.000
1.34600E-04,-0.040
1.34700E-04,-0.040
1.34800E-04,-0.080
1.34900E-04,-0.040
1.35000E-04,0.040
1.35100E-04,-0.040
1.35200E-04,-0.040
1.35300E-04,-0.040
1.35400E-04,0.000
1.35500E-04,-0.040
1.35600E-04,-0.040
1.35700E-04,-0.040
1.35800E-04,0.000
1.35900E-04,-0.040
1.36000E-04,0.000
1.36100E-04,0.000
1.36200E-04,-0.080
1.36300E-04,-0.080
1.36400E-04,-0.040
1.36500E-04,0.000
1.36600E-04,0.000
1.36700E-04,-0.040
1.36800E-04,-0.040
1.36900E-04,-0.080
1.37000E-04,-0.080
1.37100E-04,-0.080
1.37200E-04,-0.120
1.37300E-04,-0.040
1.37400E-04,-0.040
1.37500E-04,0.000
1.37600E-04,0.000
1.37700E-04,-0.040
1.37800E-04,-0.080
1.37900E-04,-0.040
1.38000E-04,-0.040
1.38100E-04,-0.080
1.38200E-04,3.080
1.38300E-04,3.200
1.38400E-04,3.200
1.38500E-04,3.280
1.38600E-04,3.320
1.38700E-04,3.240
1.38800E-04,3.360
1.38900E-04,3.360
1.39000E-04,3.280
1.39100E-04,3.360
1.39200E-04,3.320
1.39300E-04,3.320
1.39400E-04,3.360
1.39500E-04,3.320
1.39600E-04,3.360
1.39700E-04,1.440
1.39800E-04,0.000
1.39900E-04,0.040
1.40000E-04,0.000
1.40100E-04,0.000
1.40200E-04,0.000
1.40300E-04,-0.040
1.40400E-04,-0.040
1.40500E-04,0.000
1.40600E-04,-0.080
1.40700E-04,-0.040
1.40800E-04,0.040
1.40900E-04,-0.080
1.41000E-04,-0.040
1.41100E-04,-0.040
1.41200E-04,-0.040
1.41300E-04,-0.040
1.41400E-04,-0.040
1.41500E-04,-0.080
1.41600E-04,0.000
1.41700E-04,-0.040
1.41800E-04,0.000
1.41900E-04,-0.040
1.42000E-04,0.000
1.42100E-04,-0.080
1.42200E-04,-0.040
1.42300E-04,-0.080
1.42400E-04,-0.120
1.42500E-04,-0.120
1.42600E-04,-0.080
1.42700E-04,-0.080
1.42800E-04,-0.040
1.42900E-04,-0.040
1.43000E-04,0.000
1.43100E-04,0.000
1.43200E-04,0.000
1.43300E-04,-0.120
1.43400E-04,-0.080
1.43500E-04,-0.040
1.43600E-04,-0.040
1.43700E-04,-0.040
1.43800E-04,0.880
1.43900E-04,3.200
1.44000E-04,3.320
1.44100E-04,3.240
1.44200E-04,3.320
1.44300E-04,3.320
1.44400E-04,3.280
1.44500E-04,3.280
1.44600E-04,3.360
1.44700E-04,3.360
1.44800E-04,3.320
1.44900E-04,3.280
1.45000E-04,3.360
1.45100E-04,3.360
1.45200E-04,3.320
1.45300E-04,3.320
1.45400E-04,3.320
1.45500E-04,3.320
1.45600E-04,3.320
1.45700E-04,3.280
1.45800E-04,3.320
1.45900E-04,0.240
1.46000E-04,0.000
1.46100E-04,0.000
1.46200E-04,0.040
1.46300E-04,0.040
1.46400E-04,0.040
1.46500E-04,0.040
1.46600E-04,-0.120
1.46700E-04,-0.040
1.46800E-04,0.000
1.46900E-04,0.000
1.47000E-04,-0.040
1.47100E-04,-0.080
1.47200E-04,-0.040
1.47300E-04,-0.040
1.47400E-04,-0.040
1.47500E-04,-0.120
1.47600E-04,-0.040
1.47700E-04,0.000
1.47800E-04,0.000
1.47900E-04,-0.040
1.48000E-04,0.040
1.48100E-04,-0.080
1.48200E-04,-0.040
1.48300E-04,0.000
1.48400E-04,-0.040
1.48500E-04,-0.080
1.48600E-04,0.040
1.48700E-04,-0.080
1.48800E-04,-0.040
1.48900E-04,-0.040
1.49000E-04,-0.040
1.49100E-04,-0.080
1.49200E-04,-0.080
1.49300E-04,-0.080
1.49400E-04,-0.040
1.49500E-04,-0.040
1.49600E-04,-0.040
1.49700E-04,-0.040
1.49800E-04,-0.040
1.49900E-04,-0.040
1.50000E-04,-0.040
1.50100E-04,2.920
1.50200E-04,3.240
1.50300E-04,3.280
1.50400E-04,3.320
1.50500E-04,3.240
1.50600E-04,3.280
1.50700E-04,3.360
1.50800E-04,3.280
1.50900E-04,3.320
1.51000E-04,3.320
1.51100E-04,3.320
1.51200E-04,3.280
1.51300E-04,3.320
1.51400E-04,3.320
1.51500E-04,3.320
1.51600E-04,3.360
1.51700E-04,3.280
1.51800E-04,3.360
1.51900E-04,3.360
1.52000E-04,3.360
1.52100E-04,1.440
1.52200E-04,0.040
1.52300E-04,-0.040
1.52400E-04,0.040
1.52500E-04,0.000
1.52600E-04,0.000
1.52700E-04,-0.040
1.52800E-04,0.000
1.52900E-04,-0.040
1.53000E-04,0.000
1.53100E-04,-0.040
1.53200E-04,-0.040
1.53300E-04,-0.040
1.53400E-04,-0.040
1.53500E-04,-0.080
1.53600E-04,-0.080
1.53700E-04,-0.040
1.53800E-04,0.000
1.53900E-04,-0.120
1.54000E-04,-0.040
1.54100E-04,-0.080
1.54200E-04,0.000
1.54300E-04,-0.040
1.54400E-04,-0.040
1.54500E-04,-0.080
1.54600E-04,-0.040
1.54700E-04,0.000
1.54800E-04,-0.040
1.54900E-04,0.000
1.55000E-04,-0.080
1.55100E-04,-0.040
1.55200E-04,-0.040
1.55300E-04,0.000
1.55400E-04,-0.040
1.55500E-04,0.000
1.55600E-04,-0.080
1.55700E-04,3.080
1.55800E-04,3.280
1.55900E-04,3.280
1.56000E-04,3.240
1.56100E-04,3.240
1.56200E-04,3.320
1.56300E-04,3.320
1.56400E-04,3.320
1.56500E-04,3.320
1.56600E-04,3.360
1.56700E-04,3.320
1.56800E-04,3.360
1.56900E-04,3.280
1.57000E-04,3.320
1.57100E-04,3.280
1.57200E-04,1.440
1.57300E-04,0.040
1.57400E-04,0.040
1.57500E-04,0.040
1.57600E-04,0.000
1.57700E-04,-0.040
1.57800E-04,-0.040
1.57900E-04,-0.040
1.58000E-04,-0.040
1.58100E-04,0.040
1.58200E-04,-0.080
1.58300E-04,-0.040
1.58400E-04,-0.040
1.58500E-04,-0.040
1.58600E-04,-0.040
1.58700E-04,-0.080
1.58800E-04,-0.040
1.58900E-04,0.000
1.59000E-04,0.000
1.59100E-04,-0.040
1.59200E-04,-0.040
1.59300E-04,0.000
1.59400E-04,0.000
1.59500E-04,0.000
1.59600E-04,0.000
1.59700E-04,0.000
1.59800E-04,-0.040
1.59900E-04,-0.040
1.60000E-04,-0.080
1.60100E-04,0.000
1.60200E-04,-0.040
1.60300E-04,-0.120
1.60400E-04,-0.120
1.60500E-04,-0.080
1.60600E-04,-0.040
1.60700E-04,-0.080
1.60800E-04,3.080
1.60900E-04,3.240
1.61000E-04,3.240
1.61100E-04,3.240
1.61200E-04,3.360
1.61300E-04,3.280
1.61400E-04,3.360
1.61500E-04,3.240
1.61600E-04,3.280
1.61700E-04,3.320
1.61800E-04,3.280
1.61900E-04,3.360
1.62000E-04,3.360
1.62100E-04,3.320
1.62200E-04,3.360
1.62300E-04,3.320
1.62400E-04,3.280
1.62500E-04,3.320
1.62600E-04,3.360
1.62700E-04,3.360
1.62800E-04,0.880
1.62900E-04,0.040
1.63000E-04,0.040
1.63100E-04,0.080
1.63200E-04,0.040
1.63300E-04,-0.040
1.63400E-04,-0.040
1.63500E-04,0.000
1.63600E-04,-0.040
1.63700E-04,-0.040
1.63800E-04,0.000
1.63900E-04,-0.040
1.64000E-04,-0.040
1.64100E-04,0.000
1.64200E-04,-0.080
1.64300E-04,0.080
1.64400E-04,0.040
1.64500E-04,-0.040
1.64600E-04,-0.080
1.64700E-04,0.000
1.64800E-04,0.000
1.64900E-04,0.000
1.65000E-04,-0.040
1.65100E-04,-0.040
1.65200E-04,-0.040
1.65300E-04,-0.040
1.65400E-04,0.000
1.65500E-04,-0.080
1.65600E-04,-0.040
1.65700E-04,-0.080
1.65800E-04,-0.080
1.65900E-04,0.040
1.66000E-04,-0.080
1.66100E-04,-0.040
1.66200E-04,-0.040
1.66300E-04,-0.040
1.66400E-04,-0.040
1.66500E-04,0.000
1.66600E-04,-0.040
1.66700E-04,-0.040
1.66800E-04,0.040
1.66900E-04,-0.040
1.67000E-04,3.200
1.67100E-04,3.280
1.67200E-04,3.320
1.67300E-04,3.320
1.67400E-04,3.320
1.67500E-04,3.320
1.67600E-04,3.360
1.67700E-04,3.320
1.67800E-04,3.320
1.67900E-04,3.360
1.68000E-04,3.320
1.68100E-04,3.320
1.68200E-04,3.360
1.68300E-04,3.320
1.68400E-04,3.360
1.68500E-04,3.360
1.68600E-04,3.360
1.68700E-04,3.360
1.68800E-04,3.320
1.68900E-04,3.360
1.69000E-04,0.320
1.69100E-04,0.040
1.69200E-04,0.000
1.69300E-04,-0.040
1.69400E-04,0.040
1.69500E-04,-0.040
1.69600E-04,-0.040
1.69700E-04,0.000
1.69800E-04,-0.040
1.69900E-04,-0.040
1.70000E-04,0.000
1.70100E-04,0.000
1.70200E-04,-0.040
1.70300E-04,0.000
1.70400E-04,-0.040
1.70500E-04,-0.080
1.70600E-04,-0.080
1.70700E-04,-0.040
1.70800E-04,-0.040
1.70900E-04,0.000
1.71000E-04,-0.040
1.71100E-04,-0.040
1.71200E-04,-0.040
1.71300E-04,0.040
1.71400E-04,-0.120
1.71500E-04,-0.120
1.71600E-04,-0.040
1.71700E-04,-0.080
1.71800E-04,-0.040
1.71900E-04,-0.040
1.72000E-04,0.000
1.72100E-04,0.000
1.72200E-04,-0.040
1.72300E-04,-0.040
1.72400E-04,-0.120
1.72500E-04,-0.120
1.72600E-04,-0.080
1.72700E-04,-0.080
1.72800E-04,-0.080
1.72900E-04,-0.040
1.73000E-04,0.000
1.73100E-04,1.800
1.73200E-04,3.200
1.73300E-04,3.280
1.73400E-04,3.280
1.73500E-04,3.320
1.73600E-04,3.320
1.73700E-04,3.320
1.73800E-04,3.320
1.73900E-04,3.280
1.74000E-04,3.360
1.74100E-04,3.320
1.74200E-04,3.320
1.74300E-04,3.280
1.74400E-04,3.320
1.74500E-04,3.320
1.74600E-04,3.320
1.74700E-04,3.360
1.74800E-04,3.320
1.74900E-04,3.360
1.75000E-04,3.360
1.75100E-04,3.360
1.75200E-04,1.440
1.75300E-04,0.000
1.75400E-04,0.000
1.75500E-04,0.000
1.75600E-04,0.000
1.75700E-04,0.000
1.75800E-04,0.000
1.75900E-04,0.000
1.76000E-04,-0.040
1.76100E-04,0.000
1.76200E-04,-0.080
1.76300E-04,-0.080
1.76400E-04,-0.040
1.76500E-04,-0.040
1.76600E-04,0.000
1.76700E-04,-0.080
1.76800E-04,-0.040
1.76900E-04,-0.040
1.77000E-04,-0.040
1.77100E-04,0.000
1.77200E-04,-0.040
1.77300E-04,-0.040
1.77400E-04,0.040
1.77500E-04,-0.080
1.77600E-04,0.040
1.77700E-04,-0.040
1.77800E-04,0.000
1.77900E-04,-0.040
1.78000E-04,-0.040
1.78100E-04,-0.040
1.78200E-04,-0.040
1.78300E-04,-0.080
1.78400E-04,-0.080
1.78500E-04,0.000
1.78600E-04,-0.040
1.78700E-04,-0.040
1.78800E-04,2.400
1.78900E-04,3.240
1.79000E-04,3.360
1.79100E-04,3.360
1.79200E-04,3.320
1.79300E-04,3.320
1.79400E-04,3.280
1.79500E-04,3.360
1.79600E-04,3.280
1.79700E-04,3.280
1.79800E-04,3.320
1.79900E-04,3.280
1.80000E-04,3.360
1.80100E-04,3.320
1.80200E-04,3.360
1.80300E-04,3.360
1.80400E-04,3.360
1.80500E-04,3.360
1.80600E-04,3.320
1.80700E-04,3.320
1.80800E-04,3.320
1.80900E-04,0.080
1.81000E-04,0.040
1.81100E-04,0.040
1.81200E-04,0.000
1.81300E-04,0.040
1.81400E-04,0.000
1.81500E-04,-0.080
1.81600E-04,0.000
1.81700E-04,-0.040
1.81800E-04,-0.040
1.81900E-04,-0.040
1.82000E-04,-0.040
1.82100E-04,-0.080
1.82200E-04,-0.040
1.82300E-04,-0.080
1.82400E-04,-0.080
1.82500E-04,0.040
1.82600E-04,-0.040
1.82700E-04,-0.040
1.82800E-04,-0.080
1.82900E-04,-0.040
1.83000E-04,0.000
1.83100E-04,-0.040
1.83200E-04,-0.080
1.83300E-04,0.040
1.83400E-04,0.000
1.83500E-04,0.000
1.83600E-04,0.000
1.83700E-04,-0.040
1.83800E-04,0.000
1.83900E-04,0.000
1.84000E-04,-0.040
1.84100E-04,-0.040
1.84200E-04,0.000
1.84300E-04,0.000
1.84400E-04,-0.040
1.84500E-04,-0.080
1.84600E-04,-0.080
1.84700E-04,-0.080
1.84800E-04,-0.040
1.84900E-04,-0.040
1.85000E-04,3.200
1.85100E-04,3.200
1.85200E-04,3.320
1.85300E-04,3.280
1.85400E-04,3.360
1.85500E-04,3.320
1.85600E-04,3.280
1.85700E-04,3.360
1.85800E-04,3.320
1.85900E-04,3.280
1.86000E-04,3.280
1.86100E-04,3.320
1.86200E-04,3.320
1.86300E-04,3.320
1.86400E-04,3.280
1.86500E-04,3.320
1.86600E-04,3.360
1.86700E-04,3.320
1.86800E-04,3.320
1.86900E-04,3.320
1.87000E-04,0.320
1.87100E-04,0.040
1.87200E-04,0.000
1.87300E-04,0.040
1.87400E-04,-0.040
1.87500E-04,-0.040
1.87600E-04,-0.080
1.87700E-04,-0.040
1.87800E-04,-0.080
1.87900E-04,0.000
1.88000E-04,0.040
1.88100E-04,-0.040
1.88200E-04,-0.040
1.88300E-04,0.000
1.88400E-04,-0.040
1.88500E-04,-0.040
1.88600E-04,0.000
1.88700E-04,0.000
1.88800E-04,-0.080
1.88900E-04,-0.080
1.89000E-04,-0.040
1.89100E-04,-0.080
1.89200E-04,-0.040
1.89300E-04,-0.080
1.89400E-04,-0.040
1.89500E-04,-0.040
1.89600E-04,0.000
1.89700E-04,-0.040
1.89800E-04,0.000
1.89900E-04,-0.040
1.90000E-04,-0.040
1.90100E-04,-0.040
1.90200E-04,-0.040
1.90300E-04,0.000
1.90400E-04,-0.080
1.90500E-04,-0.080
1.90600E-04,-0.080
1.90700E-04,0.040
1.90800E-04,-0.040
1.90900E-04,0.000
1.91000E-04,0.000
1.91100E-04,1.800
1.91200E-04,3.240
1.91300E-04,3.320
1.91400E-04,3.240
1.91500E-04,3.280
1.91600E-04,3.320
1.91700E-04,3.240
1.91800E-04,3.320
1.91900E-04,3.240
1.92000E-04,3.280
1.92100E-04,3.360
1.92200E-04,3.320
1.92300E-04,3.360
1.92400E-04,3.360
1.92500E-04,3.320
1.92600E-04,3.360
1.92700E-04,3.360
1.92800E-04,3.320
1.92900E-04,3.360
1.93000E-04,3.320
1.93100E-04,3.320
1.93200E-04,1.440
1.93300E-04,0.040
1.93400E-04,0.040
1.93500E-04,0.000
1.93600E-04,-0.040
1.93700E-04,-0.040
1.93800E-04,0.000
1.93900E-04,-0.040
1.94000E-04,0.000
1.94100E-04,-0.040
1.94200E-04,0.000
1.94300E-04,0.000
1.94400E-04,0.000
1.94500E-04,0.000
1.94600E-04,0.000
1.94700E-04,0.000
1.94800E-04,-0.040
1.94900E-04,0.000
1.95000E-04,-0.080
1.95100E-04,-0.040
1.95200E-04,-0.040
1.95300E-04,-0.040
1.95400E-04,-0.040
1.95500E-04,0.000
1.95600E-04,-0.040
1.95700E-04,-0.080
1.95800E-04,0.000
1.95900E-04,0.000
1.96000E-04,0.000
1.96100E-04,-0.040
1.96200E-04,-0.040
1.96300E-04,0.000
1.96400E-04,0.000
1.96500E-04,-0.040
1.96600E-04,-0.040
1.96700E-04,0.000
1.96800E-04,2.960
1.96900E-04,3.280
1.97000E-04,3.320
1.97100E-04,3.320
1.97200E-04,3.280
1.97300E-04,3.360
1.97400E-04,3.320
1.97500E-04,3.360
1.97600E-04,3.360
1.97700E-04,3.320
1.97800E-04,3.320
1.97900E-04,3.280
1.98000E-04,3.320
1.98100E-04,3.360
1.98200E-04,3.360
1.98300E-04,3.320
1.98400E-04,3.320
1.98500E-04,3.320
1.98600E-04,3.320
1.98700E-04,3.360
1.98800E-04,1.480
1.98900E-04,0.040
1.99000E-04,0.040
1.99100E-04,0.040
1.99200E-04,0.000
1.99300E-04,-0.040
1.99400E-04,0.000
1.99500E-04,0.000
1.99600E-04,0.000
1.99700E-04,0.000
1.99800E-04,-0.040
1.99900E-04,0.000
2.00000E-04,-0.040
2.00100E-04,-0.080
2.00200E-04,-0.040
2.00300E-04,0.000
2.00400E-04,-0.040
2.00500E-04,-0.040
2.00600E-04,-0.080
2.00700E-04,-0.040
2.00800E-04,-0.040
2.00900E-04,0.000
2.01000E-04,-0.040
2.01100E-04,-0.040
2.01200E-04,0.000
2.01300E-04,0.000
2.01400E-04,0.000
2.01500E-04,0.000
2.01600E-04,-0.040
2.01700E-04,-0.040
2.01800E-04,-0.040
2.01900E-04,-0.080
2.02000E-04,-0.080
2.02100E-04,-0.080
2.02200E-04,-0.080
2.02300E-04,-0.080
2.02400E-04,-0.080
2.02500E-04,-0.080
2.02600E-04,-0.040
2.02700E-04,-0.040
2.02800E-04,-0.040
2.02900E-04,0.000
2.03000E-04,0.800
2.03100E-04,3.240
2.03200E-04,3.280
2.03300E-04,3.320
2.03400E-04,3.320
2.03500E-04,3.320
2.03600E-04,3.280
2.03700E-04,3.320
2.03800E-04,3.280
2.03900E-04,3.280
2.04000E-04,3.320
2.04100E-04,3.320
2.04200E-04,3.360
2.04300E-04,3.320
2.04400E-04,3.320
2.04500E-04,3.360
2.04600E-04,3.360
2.04700E-04,3.320
2.04800E-04,3.360
2.04900E-04,3.320
2.05000E-04,3.360
2.05100E-04,0.200
2.05200E-04,0.040
2.05300E-04,0.040
2.05400E-04,-0.080
2.05500E-04,0.040
2.05600E-04,-0.080
2.05700E-04,0.080
2.05800E-04,-0.040
2.05900E-04,0.000
2.06000E-04,-0.040
2.06100E-04,-0.040
2.06200E-04,-0.040
2.06300E-04,-0.080
2.06400E-04,-0.080
2.06500E-04,-0.040
2.06600E-04,0.000
2.06700E-04,-0.040
2.06800E-04,-0.040
2.06900E-04,-0.040
2.07000E-04,-0.040
2.07100E-04,-0.040
2.07200E-04,0.000
2.07300E-04,-0.040
2.07400E-04,-0.040
2.07500E-04,-0.040
2.07600E-04,-0.080
2.07700E-04,-0.040
2.07800E-04,0.000
2.07900E-04,0.000
2.08000E-04,-0.040
2.08100E-04,-0.080
2.08200E-04,0.000
2.08300E-04,-0.080
2.08400E-04,-0.040
2.08500E-04,-0.040
2.08600E-04,-0.080
2.08700E-04,-0.080
2.08800E-04,-0.080
2.08900E-04,-0.040
2.09000E-04,-0.040
2.09100E-04,-0.040
2.09200E-04,3.080
2.09300E-04,3.240
2.09400E-04,3.200
2.09500E-04,3.360
2.09600E-04,3.280
2.09700E-04,3.360
2.09800E-04,3.280
2.09900E-04,3.320
2.10000E-04,3.360
2.10100E-04,3.280
2.10200E-04,3.360
2.10300E-04,3.320
2.10400E-04,3.280
2.10500E-04,3.360
2.10600E-04,3.360
2.10700E-04,1.480
2.10800E-04,0.080
2.10900E-04,0.040
2.11000E-04,0.000
2.11100E-04,-0.040
2.11200E-04,0.000
2.11300E-04,0.000
2.11400E-04,-0.040
2.11500E-04,-0.040
2.11600E-04,0.000
2.11700E-04,-0.040
2.11800E-04,-0.040
2.11900E-04,-0.040
2.12000E-04,-0.040
2.12100E-04,0.000
2.12200E-04,-0.080
2.12300E-04,0.040
2.12400E-04,-0.040
2.12500E-04,0.000
2.12600E-04,0.000
2.12700E-04,0.000
2.12800E-04,-0.080
2.12900E-04,-0.040
2.13000E-04,-0.040
2.13100E-04,-0.120
2.13200E-04,-0.080
2.13300E-04,-0.040
2.13400E-04,-0.040
2.13500E-04,0.000
2.13600E-04,-0.080
2.13700E-04,-0.040
2.13800E-04,-0.040
2.13900E-04,0.000
2.14000E-04,-0.040
2.14100E-04,-0.040
2.14200E-04,0.000
2.14300E-04,0.000
2.14400E-04,-0.040
2.14500E-04,-0.080
2.14600E-04,-0.080
2.14700E-04,-0.080
2.14800E-04,1.840
2.14900E-04,3.240
2.15000E-04,3.240
2.15100E-04,3.320
2.15200E-04,3.280
2.15300E-04,3.280
2.15400E-04,3.360
2.15500E-04,3.320
2.15600E-04,3.360
2.15700E-04,3.320
2.15800E-04,3.320
2.15900E-04,3.320
2.16000E-04,3.280
2.16100E-04,3.320
2.16200E-04,3.360
2.16300E-04,3.360
2.16400E-04,3.320
2.16500E-04,3.320
2.16600E-04,3.320
2.16700E-04,3.360
2.16800E-04,3.360
2.16900E-04,0.080
2.17000E-04,-0.040
2.17100E-04,0.000
2.17200E-04,-0.040
2.17300E-04,-0.040
2.17400E-04,0.000
2.17500E-04,-0.080
2.17600E-04,-0.040
2.17700E-04,-0.040
2.17800E-04,0.040
2.17900E-04,-0.080
2.18000E-04,-0.040
2.18100E-04,-0.040
2.18200E-04,0.000
2.18300E-04,-0.040
2.18400E-04,-0.080
2.18500E-04,-0.040
2.18600E-04,0.000
2.18700E-04,-0.040
2.18800E-04,0.000
2.18900E-04,0.000
2.19000E-04,-0.040
2.19100E-04,-0.080
2.19200E-04,0.000
2.19300E-04,-0.040
2.19400E-04,-0.040
2.19500E-04,-0.080
2.19600E-04,-0.040
2.19700E-04,-0.080
2.19800E-04,-0.040
2.19900E-04,-0.040
2.20000E-04,-0.080
2.20100E-04,-0.040
2.20200E-04,-0.040
2.20300E-04,0.000
2.20400E-04,-0.040
2.20500E-04,-0.040
2.20600E-04,0.000
2.20700E-04,0.000
2.20800E-04,0.000
2.20900E-04,-0.080
2.21000E-04,2.800
2.21100E-04,3.240
2.21200E-04,3.200
2.21300E-04,3.320
2.21400E-04,3.360
2.21500E-04,3.320
2.21600E-04,3.320
2.21700E-04,3.320
2.21800E-04,3.320
2.21900E-04,3.320
2.22000E-04,3.320
2.22100E-04,3.360
2.22200E-04,3.320
2.22300E-04,3.280
2.22400E-04,3.360
2.22500E-04,3.320
2.22600E-04,3.320
2.22700E-04,3.280
2.22800E-04,3.360
2.22900E-04,3.320
2.23000E-04,2.400
2.23100E-04,0.080
2.23200E-04,0.040
2.23300E-04,-0.040
2.23400E-04,0.000
2.23500E-04,-0.080
2.23600E-04,0.040
2.23700E-04,0.000
2.23800E-04,0.000
2.23900E-04,-0.040
2.24000E-04,0.000
2.24100E-04,0.000
2.24200E-04,-0.040
2.24300E-04,-0.040
2.24400E-04,-0.040
2.24500E-04,0.000
2.24600E-04,0.000
2.24700E-04,0.000
2.24800E-04,0.000
2.24900E-04,-0.040
2.25000E-04,-0.040
2.25100E-04,-0.040
2.25200E-04,-0.080
2.25300E-04,-0.040
2.25400E-04,0.000
2.25500E-04,-0.040
2.25600E-04,-0.040
2.25700E-04,0.040
2.25800E-04,-0.040
2.25900E-04,-0.080
2.26000E-04,-0.040
2.26100E-04,-0.040
2.26200E-04,-0.040
2.26300E-04,0.000
2.26400E-04,-0.040
2.26500E-04,-0.080
2.26600E-04,-0.040
2.26700E-04,-0.040
2.26800E-04,-0.040
2.26900E-04,-0.040
2.27000E-04,-0.040
2.27100E-04,-0.040
2.27200E-04,3.040
2.27300E-04,3.280
2.27400E-04,3.280
2.27500E-04,3.240
2.27600E-04,3.280
2.27700E-04,3.320
2.27800E-04,3.320
2.27900E-04,3.280
2.28000E-04,3.360
2.28100E-04,3.280
2.28200E-04,3.360
2.28300E-04,3.360
2.28400E-04,3.280
2.28500E-04,3.360
2.28600E-04,3.320
2.28700E-04,1.480
2.28800E-04,0.040
2.28900E-04,0.040
2.29000E-04,0.040
2.29100E-04,-0.040
2.29200E-04,0.000
2.29300E-04,-0.040
2.29400E-04,0.000
2.29500E-04,-0.040
2.29600E-04,-0.040
2.29700E-04,-0.040
2.29800E-04,0.000
2.29900E-04,-0.040
2.30000E-04,-0.040
2.30100E-04,-0.040
2.30200E-04,-0.080
2.30300E-04,-0.080
2.30400E-04,-0.120
2.30500E-04,-0.040
2.30600E-04,-0.040
2.30700E-04,0.000
2.30800E-04,0.000
2.30900E-04,-0.040
2.31000E-04,-0.080
2.31100E-04,-0.040
2.31200E-04,-0.080
2.31300E-04,-0.040
2.31400E-04,-0.080
2.31500E-04,-0.040
2.31600E-04,-0.040
2.31700E-04,0.040
2.31800E-04,-0.040
2.31900E-04,-0.040
2.32000E-04,-0.040
2.32100E-04,-0.080
2.32200E-04,-0.080
2.32300E-04,-0.080
2.32400E-04,-0.040
2.32500E-04,-0.040
2.32600E-04,-0.080
2.32700E-04,-0.080
2.32800E-04,0.000
2.32900E-04,3.200
2.33000E-04,3.240
2.33100E-04,3.320
2.33200E-04,3.280
2.33300E-04,3.280
2.33400E-04,3.240
2.33500E-04,3.320
2.33600E-04,3.320
2.33700E-04,3.280
2.33800E-04,3.280
2.33900E-04,3.320
2.34000E-04,3.240
2.34100E-04,3.320
2.34200E-04,3.320
2.34300E-04,3.360
2.34400E-04,3.360
2.34500E-04,3.320
2.34600E-04,3.280
2.34700E-04,3.320
2.34800E-04,3.360
2.34900E-04,0.560
2.35000E-04,0.040
2.35100E-04,0.040
2.35200E-04,-0.040
2.35300E-04,0.000
2.35400E-04,0.000
2.35500E-04,0.000
2.35600E-04,0.000
2.35700E-04,-0.040
2.35800E-04,-0.040
2.35900E-04,0.040
2.36000E-04,-0.080
2.36100E-04,-0.040
2.36200E-04,-0.040
2.36300E-04,-0.040
2.36400E-04,-0.040
2.36500E-04,-0.040
2.36600E-04,-0.080
2.36700E-04,-0.080
2.36800E-04,-0.040
2.36900E-04,-0.040
2.37000E-04,0.000
2.37100E-04,-0.040
2.37200E-04,-0.040
2.37300E-04,-0.040
2.37400E-04,-0.040
2.37500E-04,0.000
2.37600E-04,-0.120
2.37700E-04,-0.080
2.37800E-04,-0.040
2.37900E-04,-0.080
2.38000E-04,-0.040
2.38100E-04,-0.080
2.38200E-04,-0.080
2.38300E-04,-0.080
2.38400E-04,-0.080
2.38500E-04,-0.080
2.38600E-04,-0.080
2.38700E-04,-0.040
2.38800E-04,-0.040
2.38900E-04,-0.040
2.39000E-04,2.760
2.39100E-04,3.240
2.39200E-04,3.280
2.39300E-04,3.320
2.39400E-04,3.280
2.39500E-04,3.360
2.39600E-04,3.240
2.39700E-04,3.360
2.39800E-04,3.360
2.39900E-04,3.280
2.40000E-04,3.360
2.40100E-04,3.360
2.40200E-04,3.320
2.40300E-04,3.320
2.40400E-04,3.320
2.40500E-04,3.320
2.40600E-04,3.320
2.40700E-04,3.320
2.40800E-04,3.360
2.40900E-04,3.320
2.41000E-04,2.400
2.41100E-04,0.080
2.41200E-04,0.040
2.41300E-04,0.080
2.41400E-04,-0.120
2.41500E-04,0.080
2.41600E-04,-0.040
2.41700E-04,-0.040
2.41800E-04,0.000
2.41900E-04,-0.040
2.42000E-04,-0.040
2.42100E-04,-0.040
2.42200E-04,0.000
2.42300E-04,-0.040
2.42400E-04,-0.040
2.42500E-04,-0.080
2.42600E-04,-0.040
2.42700E-04,-0.040
2.42800E-04,0.000
2.42900E-04,-0.040
2.43000E-04,0.000
2.43100E-04,-0.040
2.43200E-04,-0.040
2.43300E-04,0.040
2.43400E-04,-0.040
2.43500E-04,-0.040
2.43600E-04,0.000
2.43700E-04,-0.040
2.43800E-04,-0.040
2.43900E-04,-0.040
2.44000E-04,-0.040
2.44100E-04,-0.040
2.44200E-04,0.000
2.44300E-04,-0.040
2.44400E-04,0.000
2.44500E-04,-0.040
2.44600E-04,-0.040
2.44700E-04,-0.040
2.44800E-04,0.000
2.44900E-04,0.000
2.45000E-04,-0.040
2.45100E-04,0.800
2.45200E-04,3.200
2.45300E-04,3.240
2.45400E-04,3.280
2.45500E-04,3.320
2.45600E-04,3.360
2.45700E-04,3.360
2.45800E-04,3.280
2.45900E-04,3.320
2.46000E-04,3.320
2.46100E-04,3.320
2.46200E-04,3.360
2.46300E-04,3.280
2.46400E-04,3.360
2.46500E-04,3.360
2.46600E-04,3.320
2.46700E-04,3.320
2.46800E-04,3.360
2.46900E-04,3.360
2.47000E-04,3.320
2.47100E-04,3.360
2.47200E-04,2.440
2.47300E-04,0.080
2.47400E-04,0.040
2.47500E-04,0.040
2.47600E-04,-0.040
2.47700E-04,-0.040
2.47800E-04,0.000
2.47900E-04,-0.080
2.48000E-04,-0.040
2.48100E-04,0.000
2.48200E-04,-0.040
2.48300E-04,-0.040
2.48400E-04,-0.040
2.48500E-04,0.000
2.48600E-04,-0.040
2.48700E-04,-0.040
2.48800E-04,-0.040
2.48900E-04,-0.080
2.49000E-04,-0.080
2.49100E-04,0.040
2.49200E-04,0.000
2.49300E-04,-0.040
2.49400E-04,-0.080
2.49500E-04,-0.120
2.49600E-04,-0.080
2.49700E-04,0.040
2.49800E-04,-0.120
2.49900E-04,-0.120
2.50000E-04,-0.080
2.50100E-04,0.000
2.50200E-04,0.000
2.50300E-04,-0.040
2.50400E-04,-0.040
2.50500E-04,-0.040
2.50600E-04,-0.080
2.50700E-04,0.000
2.50800E-04,2.760
2.50900E-04,3.280
2.51000E-04,3.280
2.51100E-04,3.280
2.51200E-04,3.320
2.51300E-04,3.320
2.51400E-04,3.320
2.51500E-04,3.320
2.51600E-04,3.360
2.51700E-04,3.360
2.51800E-04,3.280
2.51900E-04,3.360
2.52000E-04,3.280
2.52100E-04,3.360
2.52200E-04,3.280
2.52300E-04,3.320
2.52400E-04,3.360
2.52500E-04,3.280
2.52600E-04,3.360
2.52700E-04,3.360
2.52800E-04,3.320
2.52900E-04,3.360
2.53000E-04,3.320
2.53100E-04,3.360
2.53200E-04,3.280
2.53300E-04,3.360
2.53400E-04,3.320
2.53500E-04,3.320
2.53600E-04,3.360
2.53700E-04,3.320
2.53800E-04,3.360
2.53900E-04,3.320
2.54000E-04,3.360
2.54100E-04,3.320
2.54200E-04,3.400
2.54300E-04,3.320
2.54400E-04,3.360
2.54500E-04,3.360
2.54600E-04,3.320
2.54700E-04,3.320
2.54800E-04,3.360
2.54900E-04,3.320
2.55000E-04,3.360
2.55100E-04,3.360
2.55200E-04,3.360
2.55300E-04,3.320
2.55400E-04,3.320
2.55500E-04,3.320
2.55600E-04,3.360
2.55700E-04,3.400
2.55800E-04,3.360
2.55900E-04,3.320
2.56000E-04,3.360
2.56100E-04,3.360
2.56200E-04,3.360
2.56300E-04,3.360
2.56400E-04,3.360
2.56500E-04,3.360
2.56600E-04,3.320
2.56700E-04,3.320
2.56800E-04,3.360
2.56900E-04,3.320
2.57000E-04,3.400
2.57100E-04,3.320
2.57200E-04,3.320
2.57300E-04,3.360
2.57400E-04,3.360
2.57500E-04,3.360
2.57600E-04,3.360
2.57700E-04,3.360
2.57800E-04,3.320
2.57900E-04,3.360
2.58000E-04,3.320
2.58100E-04,3.360
2.58200E-04,3.360
2.58300E-04,3.320
2.58400E-04,3.320
2.58500E-04,3.360
2.58600E-04,3.360
2.58700E-04,3.360
2.58800E-04,3.360
2.58900E-04,3.360
2.59000E-04,3.360
2.59100E-04,3.320
2.59200E-04,3.320
2.59300E-04,3.360
2.59400E-04,3.320
2.59500E-04,3.320
2.59600E-04,3.360
2.59700E-04,3.360
2.59800E-04,3.360
2.59900E-04,3.320
2.60000E-04,3.360
2.60100E-04,3.400
2.60200E-04,3.360
2.60300E-04,3.320
2.60400E-04,3.320
2.60500E-04,1.480
2.60600E-04,0.040
2.60700E-04,0.040
2.60800E-04,0.080
2.60900E-04,0.040
2.61000E-04,0.040
2.61100E-04,0.000
2.61200E-04,0.000
2.61300E-04,0.000
2.61400E-04,0.040
2.61500E-04,0.000
2.61600E-04,0.040
2.61700E-04,-0.080
2.61800E-04,0.040
2.61900E-04,0.000
2.62000E-04,0.040
2.62100E-04,-0.040
2.62200E-04,0.040
2.62300E-04,-0.040
2.62400E-04,0.040
2.62500E-04,0.040
2.62600E-04,-0.120
2.62700E-04,-0.080
2.62800E-04,-0.040
2.62900E-04,0.000
2.63000E-04,0.000
2.63100E-04,-0.040
2.63200E-04,0.000
2.63300E-04,-0.040
2.63400E-04,-0.040
2.63500E-04,0.000
2.63600E-04,-0.040
2.63700E-04,0.840
2.63800E-04,3.240
2.63900E-04,3.240
2.64000E-04,3.320
2.64100E-04,3.280
2.64200E-04,3.320
2.64300E-04,3.360
2.64400E-04,3.360
2.64500E-04,3.280
2.64600E-04,3.360
2.64700E-04,3.320
2.64800E-04,3.360
2.64900E-04,3.360
2.65000E-04,3.320
2.65100E-04,3.360
2.65200E-04,3.360
2.65300E-04,3.280
2.65400E-04,3.320
2.65500E-04,3.320
2.65600E-04,3.360
2.65700E-04,3.320
2.65800E-04,2.480
2.65900E-04,0.080
2.66000E-04,0.040
2.66100E-04,0.040
2.66200E-04,0.000
2.66300E-04,-0.040
2.66400E-04,0.000
2.66500E-04,0.000
2.66600E-04,-0.040
2.66700E-04,-0.040
2.66800E-04,0.000
2.66900E-04,0.040
2.67000E-04,0.000
2.67100E-04,-0.040
2.67200E-04,0.000
2.67300E-04,0.000
2.67400E-04,0.000
2.67500E-04,-0.040
2.67600E-04,-0.040
2.67700E-04,-0.080
2.67800E-04,-0.040
2.67900E-04,-0.080
2.68000E-04,0.040
2.68100E-04,-0.040
2.68200E-04,-0.040
2.68300E-04,-0.040
2.68400E-04,-0.040
2.68500E-04,0.000
2.68600E-04,-0.040
2.68700E-04,-0.040
2.68800E-04,0.040
2.68900E-04,-0.040
2.69000E-04,-0.040
2.69100E-04,-0.080
2.69200E-04,-0.040
2.69300E-04,-0.040
2.69400E-04,-0.040
2.69500E-04,-0.040
2.69600E-04,-0.080
2.69700E-04,-0.080
2.69800E-04,-0.080
2.69900E-04,0.840
2.70000E-04,3.200
2.70100E-04,3.280
2.70200E-04,3.280
2.70300E-04,3.280
2.70400E-04,3.280
2.70500E-04,3.280
2.70600E-04,3.240
2.70700E-04,3.320
2.70800E-04,3.240
2.70900E-04,3.320
2.71000E-04,3.320
2.71100E-04,3.320
2.71200E-04,3.280
2.71300E-04,3.360
2.71400E-04,3.320
2.71500E-04,3.280
2.71600E-04,3.280
2.71700E-04,3.360
2.71800E-04,3.320
2.71900E-04,3.320
2.72000E-04,0.240
2.72100E-04,0.000
2.72200E-04,0.040
2.72300E-04,0.040
2.72400E-04,0.040
2.72500E-04,0.040
2.72600E-04,0.000
2.72700E-04,-0.040
2.72800E-04,-0.040
2.72900E-04,0.000
2.73000E-04,0.000
2.73100E-04,0.000
2.73200E-04,0.040
2.73300E-04,-0.040
2.73400E-04,-0.040
2.73500E-04,-0.040
2.73600E-04,0.000
2.73700E-04,-0.080
2.73800E-04,0.000
2.73900E-04,-0.040
2.74000E-04,0.000
2.74100E-04,0.000
2.74200E-04,-0.040
2.74300E-04,-0.040
2.74400E-04,-0.080
2.74500E-04,-0.040
2.74600E-04,-0.080
2.74700E-04,-0.040
2.74800E-04,-0.080
2.74900E-04,-0.040
2.75000E-04,-0.080
2.75100E-04,0.000
2.75200E-04,-0.040
2.75300E-04,0.000
2.75400E-04,-0.040
2.75500E-04,-0.040
2.75600E-04,-0.040
2.75700E-04,-0.040
2.75800E-04,-0.080
2.75900E-04,-0.080
2.76000E-04,-0.080
2.76100E-04,3.040
2.76200E-04,3.240
2.76300E-04,3.280
2.76400E-04,3.360
2.76500E-04,3.280
2.76600E-04,3.320
2.76700E-04,3.320
2.76800E-04,3.360
2.76900E-04,3.320
2.77000E-04,3.320
2.77100E-04,3.320
2.77200E-04,3.320
2.77300E-04,3.320
2.77400E-04,3.360
2.77500E-04,3.320
2.77600E-04,3.360
2.77700E-04,3.320
2.77800E-04,3.320
2.77900E-04,3.320
2.78000E-04,3.360
2.78100E-04,0.880
2.78200E-04,0.040
2.78300E-04,0.040
2.78400E-04,0.040
2.78500E-04,0.080
2.78600E-04,-0.040
2.78700E-04,-0.040
2.78800E-04,0.000
2.78900E-04,-0.040
2.79000E-04,-0.040
2.79100E-04,0.000
2.79200E-04,-0.040
2.79300E-04,0.000
2.79400E-04,-0.040
2.79500E-04,-0.040
2.79600E-04,-0.040
2.79700E-04,0.000
2.79800E-04,-0.040
2.79900E-04,-0.080
2.80000E-04,-0.040
2.80100E-04,0.000
2.80200E-04,-0.080
2.80300E-04,-0.080
2.80400E-04,-0.040
2.80500E-04,-0.040
2.80600E-04,-0.040
2.80700E-04,-0.080
2.80800E-04,-0.040
2.80900E-04,-0.080
2.81000E-04,-0.040
2.81100E-04,0.000
2.81200E-04,-0.040
2.81300E-04,-0.040
2.81400E-04,-0.080
2.81500E-04,-0.040
2.81600E-04,-0.080
2.81700E-04,-0.040
2.81800E-04,3.160
2.81900E-04,3.320
2.82000E-04,3.280
2.82100E-04,3.280
2.82200E-04,3.320
2.82300E-04,3.360
2.82400E-04,3.320
2.82500E-04,3.320
2.82600E-04,3.320
2.82700E-04,3.280
2.82800E-04,3.360
2.82900E-04,3.280
2.83000E-04,3.360
2.83100E-04,3.320
2.83200E-04,3.360
2.83300E-04,3.360
2.83400E-04,3.320
2.83500E-04,3.360
2.83600E-04,3.320
2.83700E-04,3.320
2.83800E-04,0.560
2.83900E-04,0.040
2.84000E-04,-0.040
2.84100E-04,0.040
2.84200E-04,0.040
2.84300E-04,-0.040
2.84400E-04,0.040
2.84500E-04,0.000
2.84600E-04,-0.040
2.84700E-04,-0.040
2.84800E-04,0.000
2.84900E-04,-0.040
2.85000E-04,-0.080
2.85100E-04,-0.040
2.85200E-04,-0.080
2.85300E-04,-0.040
2.85400E-04,-0.040
2.85500E-04,-0.040
2.85600E-04,-0.080
2.85700E-04,-0.080
2.85800E-04,0.000
2.85900E-04,-0.040
2.86000E-04,-0.040
2.86100E-04,-0.040
2.86200E-04,-0.080
2.86300E-04,0.040
2.86400E-04,-0.040
2.86500E-04,-0.040
2.86600E-04,-0.040
2.86700E-04,-0.040
2.86800E-04,-0.120
2.86900E-04,-0.040
2.87000E-04,-0.040
2.87100E-04,-0.080
2.87200E-04,-0.040
2.87300E-04,-0.040
2.87400E-04,-0.040
2.87500E-04,-0.040
2.87600E-04,-0.040
2.87700E-04,-0.040
2.87800E-04,-0.040
2.87900E-04,0.760
2.88000E-04,3.240
2.88100E-04,3.320
2.88200E-04,3.240
2.88300E-04,3.320
2.88400E-04,3.320
2.88500E-04,3.280
2.88600E-04,3.320
2.88700E-04,3.360
2.88800E-04,3.320
2.88900E-04,3.320
2.89000E-04,3.360
2.89100E-04,3.320
2.89200E-04,3.320
2.89300E-04,3.320
2.89400E-04,3.360
2.89500E-04,3.320
2.89600E-04,3.320
2.89700E-04,3.360
2.89800E-04,3.320
2.89900E-04,3.320
2.90000E-04,0.160
2.90100E-04,0.000
2.90200E-04,-0.040
2.90300E-04,0.040
2.90400E-04,0.040
2.90500E-04,0.040
2.90600E-04,-0.040
2.90700E-04,-0.040
2.90800E-04,0.000
2.90900E-04,0.000
2.91000E-04,0.000
2.91100E-04,0.000
2.91200E-04,0.000
2.91300E-04,-0.080
2.91400E-04,0.040
2.91500E-04,-0.040
2.91600E-04,-0.040
2.91700E-04,-0.040
2.91800E-04,0.000
2.91900E-04,0.000
2.92000E-04,0.000
2.92100E-04,0.000
2.92200E-04,0.000
2.92300E-04,-0.040
2.92400E-04,-0.080
2.92500E-04,-0.040
2.92600E-04,-0.080
2.92700E-04,-0.080
2.92800E-04,-0.040
2.92900E-04,-0.040
2.93000E-04,0.000
2.93100E-04,-0.080
2.93200E-04,-0.040
2.93300E-04,-0.080
2.93400E-04,-0.040
2.93500E-04,-0.040
2.93600E-04,-0.040
2.93700E-04,-0.040
2.93800E-04,-0.080
2.93900E-04,-0.080
2.94000E-04,-0.080
2.94100E-04,3.080
2.94200E-04,3.280
2.94300E-04,3.280
2.94400E-04,3.280
2.94500E-04,3.320
2.94600E-04,3.360
2.94700E-04,3.320
2.94800E-04,3.320
2.94900E-04,3.280
2.95000E-04,3.320
2.95100E-04,3.320
2.95200E-04,3.280
2.95300E-04,3.320
2.95400E-04,3.280
2.95500E-04,3.320
2.95600E-04,3.280
2.95700E-04,3.320
2.95800E-04,3.320
2.95900E-04,3.320
2.96000E-04,3.320
2.96100E-04,0.880
2.96200E-04,0.040
2.96300E-04,0.040
2.96400E-04,0.040
2.96500E-04,-0.040
2.96600E-04,0.000
2.96700E-04,-0.040
2.96800E-04,0.000
2.96900E-04,0.000
2.97000E-04,-0.040
2.97100E-04,-0.040
2.97200E-04,-0.040
2.97300E-04,-0.040
2.97400E-04,0.000
2.97500E-04,-0.040
2.97600E-04,0.000
2.97700E-04,-0.080
2.97800E-04,-0.040
2.97900E-04,-0.040
2.98000E-04,0.000
2.98100E-04,-0.040
2.98200E-04,0.000
2.98300E-04,0.000
2.98400E-04,-0.040
2.98500E-04,-0.040
2.98600E-04,-0.040
2.98700E-04,-0.080
2.98800E-04,-0.080
2.98900E-04,-0.080
2.99000E-04,-0.080
2.99100E-04,-0.040
2.99200E-04,0.000
2.99300E-04,-0.080
2.99400E-04,-0.040
2.99500E-04,-0.080
2.99600E-04,-0.040
2.99700E-04,-0.040
2.99800E-04,3.160
2.99900E-04,3.240
3.00000E-04,3.280
3.00100E-04,3.280
3.00200E-04,3.360
3.00300E-04,3.320
3.00400E-04,3.360
3.00500E-04,3.320
3.00600E-04,3.280
3.00700E-04,3.320
3.00800E-04,3.320
3.00900E-04,3.360
3.01000E-04,3.360
3.01100E-04,3.360
3.01200E-04,3.360
3.01300E-04,3.360
3.01400E-04,3.240
3.01500E-04,3.360
3.01600E-04,3.320
3.01700E-04,3.320
3.01800E-04,0.520
3.01900E-04,0.040
3.02000E-04,0.040
3.02100E-04,0.000
3.02200E-04,0.000
3.02300E-04,0.000
3.02400E-04,-0.040
3.02500E-04,0.000
3.02600E-04,0.000
3.02700E-04,0.040
3.02800E-04,0.000
3.02900E-04,-0.040
3.03000E-04,0.000
3.03100E-04,-0.040
3.03200E-04,0.000
3.03300E-04,0.040
3.03400E-04,0.040
3.03500E-04,-0.040
3.03600E-04,-0.040
3.03700E-04,0.000
3.03800E-04,-0.080
3.03900E-04,-0.080
3.04000E-04,-0.040
3.04100E-04,-0.040
3.04200E-04,0.000
3.04300E-04,0.000
3.04400E-04,-0.040
3.04500E-04,-0.040
3.04600E-04,-0.040
3.04700E-04,0.000
3.04800E-04,-0.040
3.04900E-04,-0.040
3.05000E-04,-0.040
3.05100E-04,-0.040
3.05200E-04,-0.040
3.05300E-04,-0.080
3.05400E-04,-0.040
3.05500E-04,-0.040
3.05600E-04,-0.040
3.05700E-04,0.000
3.05800E-04,-0.040
3.05900E-04,0.800
3.06000E-04,3.200
3.06100E-04,3.320
3.06200E-04,3.240
3.06300E-04,3.240
3.06400E-04,3.360
3.06500E-04,3.280
3.06600E-04,3.280
3.06700E-04,3.280
3.06800E-04,3.280
3.06900E-04,3.360
3.07000E-04,3.320
3.07100E-04,3.320
3.07200E-04,3.320
3.07300E-04,3.280
3.07400E-04,3.320
3.07500E-04,3.320
3.07600E-04,3.320
3.07700E-04,3.320
3.07800E-04,3.360
3.07900E-04,3.360
3.08000E-04,0.200
3.08100E-04,0.040
3.08200E-04,-0.040
3.08300E-04,-0.040
3.08400E-04,0.000
3.08500E-04,-0.040
3.08600E-04,-0.040
3.08700E-04,-0.040
3.08800E-04,-0.040
3.08900E-04,-0.080
3.09000E-04,0.000
3.09100E-04,-0.040
3.09200E-04,-0.040
3.09300E-04,-0.080
3.09400E-04,-0.040
3.09500E-04,-0.040
3.09600E-04,-0.040
3.09700E-04,-0.040
3.09800E-04,-0.040
3.09900E-04,-0.040
3.10000E-04,0.000
3.10100E-04,-0.040
3.10200E-04,-0.040
3.10300E-04,-0.040
3.10400E-04,-0.040
3.10500E-04,-0.080
3.10600E-04,0.000
3.10700E-04,0.040
3.10800E-04,-0.040
3.10900E-04,0.000
3.11000E-04,-0.080
3.11100E-04,-0.040
3.11200E-04,-0.040
3.11300E-04,-0.040
3.11400E-04,-0.080
3.11500E-04,-0.080
3.11600E-04,-0.080
3.11700E-04,-0.040
3.11800E-04,0.000
3.11900E-04,0.000
3.12000E-04,-0.080
3.12100E-04,2.920
3.12200E-04,3.360
3.12300E-04,3.280
3.12400E-04,3.320
3.12500E-04,3.320
3.12600E-04,3.320
3.12700E-04,3.320
3.12800E-04,3.320
3.12900E-04,3.320
3.13000E-04,3.320
3.13100E-04,3.280
3.13200E-04,3.320
3.13300E-04,3.280
3.13400E-04,3.320
3.13500E-04,3.320
3.13600E-04,3.320
3.13700E-04,3.320
3.13800E-04,3.320
3.13900E-04,3.240
3.14000E-04,3.320
3.14100E-04,1.480
3.14200E-04,0.000
3.14300E-04,0.000
3.14400E-04,0.000
3.14500E-04,0.000
3.14600E-04,0.000
3.14700E-04,0.000
3.14800E-04,0.000
3.14900E-04,0.000
3.15000E-04,0.000
3.15100E-04,0.000
3.15200E-04,-0.040
3.15300E-04,-0.040
3.15400E-04,-0.040
3.15500E-04,-0.040
3.15600E-04,-0.040
3.15700E-04,0.000
3.15800E-04,0.000
3.15900E-04,-0.040
3.16000E-04,0.000
3.16100E-04,0.000
3.16200E-04,-0.080
3.16300E-04,0.000
3.16400E-04,-0.080
3.16500E-04,0.040
3.16600E-04,-0.040
3.16700E-04,0.000
3.16800E-04,-0.040
3.16900E-04,-0.080
3.17000E-04,-0.080
3.17100E-04,-0.120
3.17200E-04,-0.040
3.17300E-04,-0.040
3.17400E-04,-0.040
3.17500E-04,-0.080
3.17600E-04,-0.080
3.17700E-04,-0.080
3.17800E-04,2.960
3.17900E-04,3.320
3.18000E-04,3.240
3.18100E-04,3.280
3.18200E-04,3.320
3.18300E-04,3.240
3.18400E-04,3.360
3.18500E-04,3.320
3.18600E-04,3.360
3.18700E-04,3.360
3.18800E-04,3.320
3.18900E-04,3.320
3.19000E-04,3.320
3.19100E-04,3.320
3.19200E-04,3.320
3.19300E-04,3.360
3.19400E-04,3.320
3.19500E-04,3.320
3.19600E-04,3.320
3.19700E-04,3.280
3.19800E-04,1.520
3.19900E-04,0.040
3.20000E-04,0.000
3.20100E-04,0.040
3.20200E-04,0.040
3.20300E-04,-0.040
3.20400E-04,-0.040
3.20500E-04,-0.040
3.20600E-04,-0.040
3.20700E-04,-0.080
3.20800E-04,0.000
3.20900E-04,-0.080
3.21000E-04,0.000
3.21100E-04,-0.080
3.21200E-04,-0.080
3.21300E-04,-0.080
3.21400E-04,-0.080
3.21500E-04,-0.080
3.21600E-04,0.000
3.21700E-04,-0.080
3.21800E-04,-0.080
3.21900E-04,-0.040
3.22000E-04,-0.040
3.22100E-04,-0.040
3.22200E-04,-0.040
3.22300E-04,0.000
3.22400E-04,-0.040
3.22500E-04,-0.040
3.22600E-04,-0.040
3.22700E-04,0.000
3.22800E-04,0.000
3.22900E-04,-0.040
3.23000E-04,0.000
3.23100E-04,-0.040
3.23200E-04,0.000
3.23300E-04,-0.080
3.23400E-04,-0.040
3.23500E-04,-0.040
3.23600E-04,-0.040
3.23700E-04,-0.080
3.23800E-04,-0.080
3.23900E-04,1.760
3.24000E-04,3.240
3.24100E-04,3.320
3.24200E-04,3.320
3.24300E-04,3.320
3.24400E-04,3.240
3.24500E-04,3.360
3.24600E-04,3.320
3.24700E-04,3.240
3.24800E-04,3.320
3.24900E-04,3.360
3.25000E-04,3.280
3.25100E-04,3.280
3.25200E-04,3.240
3.25300E-04,3.320
3.25400E-04,3.360
3.25500E-04,3.320
3.25600E-04,3.320
3.25700E-04,3.320
3.25800E-04,3.280
3.25900E-04,3.360
3.26000E-04,0.160
3.26100E-04,0.040
3.26200E-04,0.000
3.26300E-04,0.000
3.26400E-04,-0.040
3.26500E-04,0.000
3.26600E-04,-0.040
3.26700E-04,-0.040
3.26800E-04,0.000
3.26900E-04,0.000
3.27000E-04,-0.040
3.27100E-04,0.000
3.27200E-04,-0.040
3.27300E-04,-0.040
3.27400E-04,-0.040
3.27500E-04,0.000
3.27600E-04,0.000
3.27700E-04,-0.080
3.27800E-04,0.000
3.27900E-04,-0.040
3.28000E-04,0.000
3.28100E-04,-0.040
3.28200E-04,0.040
3.28300E-04,-0.040
3.28400E-04,0.000
3.28500E-04,0.000
3.28600E-04,-0.080
3.28700E-04,-0.040
3.28800E-04,0.000
3.28900E-04,-0.040
3.29000E-04,-0.080
3.29100E-04,-0.040
3.29200E-04,-0.040
3.29300E-04,-0.080
3.29400E-04,-0.040
3.29500E-04,-0.040
3.29600E-04,0.000
3.29700E-04,0.000
3.29800E-04,-0.080
3.29900E-04,-0.040
3.30000E-04,-0.040
3.30100E-04,3.160
3.30200E-04,3.240
3.30300E-04,3.280
3.30400E-04,3.240
3.30500E-04,3.360
3.30600E-04,3.320
3.30700E-04,3.280
3.30800E-04,3.320
3.30900E-04,3.320
3.31000E-04,3.320
3.31100E-04,3.360
3.31200E-04,3.320
3.31300E-04,3.320
3.31400E-04,3.320
3.31500E-04,3.320
3.31600E-04,3.360
3.31700E-04,3.320
3.31800E-04,3.280
3.31900E-04,3.320
3.32000E-04,3.320
3.32100E-04,0.520
3.32200E-04,0.040
3.32300E-04,0.040
3.32400E-04,0.000
3.32500E-04,-0.040
3.32600E-04,0.040
3.32700E-04,-0.040
3.32800E-04,0.000
3.32900E-04,0.000
3.33000E-04,-0.040
3.33100E-04,-0.040
3.33200E-04,0.000
3.33300E-04,0.000
3.33400E-04,-0.040
3.33500E-04,0.000
3.33600E-04,-0.040
3.33700E-04,-0.040
3.33800E-04,0.040
3.33900E-04,-0.040
3.34000E-04,-0.040
3.34100E-04,-0.040
3.34200E-04,0.040
3.34300E-04,-0.080
3.34400E-04,-0.040
3.34500E-04,0.000
3.34600E-04,0.000
3.34700E-04,0.000
3.34800E-04,-0.040
3.34900E-04,0.000
3.35000E-04,-0.040
3.35100E-04,-0.040
3.35200E-04,-0.080
3.35300E-04,-0.120
3.35400E-04,-0.040
3.35500E-04,-0.040
3.35600E-04,-0.040
3.35700E-04,-0.040
3.35800E-04,3.160
3.35900E-04,3.280
3.36000E-04,3.320
3.36100E-04,3.320
3.36200E-04,3.360
3.36300E-04,3.320
3.36400E-04,3.320
3.36500E-04,3.360
3.36600E-04,3.280
3.36700E-04,3.320
3.36800E-04,3.320
3.36900E-04,3.320
3.37000E-04,3.280
3.37100E-04,3.320
3.37200E-04,3.360
3.37300E-04,3.360
3.37400E-04,3.320
3.37500E-04,3.320
3.37600E-04,3.360
3.37700E-04,3.360
3.37800E-04,0.320
3.37900E-04,0.040
3.38000E-04,0.000
3.38100E-04,0.000
3.38200E-04,0.000
3.38300E-04,0.000
3.38400E-04,0.000
3.38500E-04,0.000
3.38600E-04,0.000
3.38700E-04,0.000
3.38800E-04,0.000
3.38900E-04,0.040
3.39000E-04,-0.040
3.39100E-04,0.000
3.39200E-04,0.000
3.39300E-04,0.000
3.39400E-04,0.000
3.39500E-04,0.040
3.39600E-04,-0.040
3.39700E-04,0.000
3.39800E-04,0.000
3.39900E-04,-0.040
3.40000E-04,-0.080
3.40100E-04,-0.040
3.40200E-04,-0.040
3.40300E-04,-0.080
3.40400E-04,-0.040
3.40500E-04,-0.080
3.40600E-04,0.000
3.40700E-04,-0.040
3.40800E-04,-0.040
3.40900E-04,-0.040
3.41000E-04,-0.040
3.41100E-04,-0.040
3.41200E-04,-0.040
3.41300E-04,-0.040
3.41400E-04,-0.040
3.41500E-04,-0.040
3.41600E-04,-0.040
3.41700E-04,-0.080
3.41800E-04,0.000
3.41900E-04,1.800
3.42000E-04,3.240
3.42100E-04,3.320
3.42200E-04,3.280
3.42300E-04,3.360
3.42400E-04,3.320
3.42500E-04,3.320
3.42600E-04,3.320
3.42700E-04,3.360
3.42800E-04,3.280
3.42900E-04,3.320
3.43000E-04,3.360
3.43100E-04,3.320
3.43200E-04,3.360
3.43300E-04,3.320
3.43400E-04,3.320
3.43500E-04,3.360
3.43600E-04,3.320
3.43700E-04,3.320
3.43800E-04,3.360
3.43900E-04,3.320
3.44000E-04,0.120
3.44100E-04,0.040
3.44200E-04,0.040
3.44300E-04,0.040
3.44400E-04,0.040
3.44500E-04,-0.040
3.44600E-04,-0.040
3.44700E-04,0.000
3.44800E-04,0.000
3.44900E-04,0.000
3.45000E-04,0.000
3.45100E-04,-0.040
3.45200E-04,-0.040
3.45300E-04,-0.080
3.45400E-04,0.000
3.45500E-04,-0.040
3.45600E-04,-0.040
3.45700E-04,-0.040
3.45800E-04,-0.040
3.45900E-04,-0.040
3.46000E-04,-0.120
3.46100E-04,-0.040
3.46200E-04,-0.040
3.46300E-04,0.040
3.46400E-04,-0.040
3.46500E-04,0.000
3.46600E-04,-0.040
3.46700E-04,-0.040
3.46800E-04,-0.080
3.46900E-04,0.000
3.47000E-04,-0.080
3.47100E-04,0.040
3.47200E-04,-0.120
3.47300E-04,-0.040
3.47400E-04,-0.040
3.47500E-04,-0.080
3.47600E-04,-0.040
3.47700E-04,0.000
3.47800E-04,0.000
3.47900E-04,0.000
3.48000E-04,-0.040
3.48100E-04,3.200
3.48200E-04,3.360
3.48300E-04,3.240
3.48400E-04,3.320
3.48500E-04,3.240
3.48600E-04,3.320
3.48700E-04,3.360
3.48800E-04,3.320
3.48900E-04,3.320
3.49000E-04,3.320
3.49100E-04,3.320
3.49200E-04,3.320
3.49300E-04,3.360
3.49400E-04,3.360
3.49500E-04,3.280
3.49600E-04,3.360
3.49700E-04,3.320
3.49800E-04,3.280
3.49900E-04,3.320
3.50000E-04,3.320
3.50100E-04,0.520
3.50200E-04,0.040
3.50300E-04,0.040
3.50400E-04,-0.040
3.50500E-04,0.000
3.50600E-04,0.040
3.50700E-04,-0.080
3.50800E-04,-0.040
3.50900E-04,-0.040
3.51000E-04,0.000
3.51100E-04,-0.040
3.51200E-04,0.000
3.51300E-04,0.000
3.51400E-04,0.000
3.51500E-04,-0.040
3.51600E-04,-0.040
3.51700E-04,-0.040
3.51800E-04,0.000
3.51900E-04,0.000
3.52000E-04,0.000
3.52100E-04,0.000
3.52200E-04,0.000
3.52300E-04,-0.040
3.52400E-04,0.000
3.52500E-04,0.000
3.52600E-04,0.000
3.52700E-04,-0.080
3.52800E-04,-0.080
3.52900E-04,-0.040
3.53000E-04,-0.040
3.53100E-04,-0.040
3.53200E-04,-0.080
3.53300E-04,-0.040
3.53400E-04,-0.080
3.53500E-04,0.000
3.53600E-04,-0.040
3.53700E-04,-0.080
3.53800E-04,3.160
3.53900E-04,3.280
3.54000E-04,3.280
3.54100E-04,3.280
3.54200E-04,3.360
3.54300E-04,3.320
3.54400E-04,3.320
3.54500E-04,3.320
3.54600E-04,3.360
3.54700E-04,3.280
3.54800E-04,3.280
3.54900E-04,3.360
3.55000E-04,3.360
3.55100E-04,3.320
3.55200E-04,3.320
3.55300E-04,3.320
3.55400E-04,3.360
3.55500E-04,3.320
3.55600E-04,3.320
3.55700E-04,3.360
3.55800E-04,0.320
3.55900E-04,0.040
3.56000E-04,0.040
3.56100E-04,-0.040
3.56200E-04,0.000
3.56300E-04,0.000
3.56400E-04,-0.040
3.56500E-04,0.000
3.56600E-04,0.040
3.56700E-04,0.040
3.56800E-04,-0.040
3.56900E-04,0.000
3.57000E-04,0.000
3.57100E-04,-0.040
3.57200E-04,-0.040
3.57300E-04,-0.040
3.57400E-04,-0.040
3.57500E-04,0.040
3.57600E-04,-0.080
3.57700E-04,0.040
3.57800E-04,-0.080
3.57900E-04,-0.040
3.58000E-04,-0.080
3.58100E-04,-0.040
3.58200E-04,-0.040
3.58300E-04,-0.040
3.58400E-04,-0.080
3.58500E-04,-0.040
3.58600E-04,0.000
3.58700E-04,0.000
3.58800E-04,-0.080
3.58900E-04,-0.040
3.59000E-04,-0.080
3.59100E-04,-0.080
3.59200E-04,-0.080
3.59300E-04,-0.040
3.59400E-04,-0.040
3.59500E-04,-0.040
3.59600E-04,-0.040
3.59700E-04,-0.040
3.59800E-04,-0.040
3.59900E-04,2.920
3.60000E-04,3.200
3.60100E-04,3.240
3.60200E-04,3.320
3.60300E-04,3.280
3.60400E-04,3.240
3.60500E-04,3.240
3.60600E-04,3.360
3.60700E-04,3.320
3.60800E-04,3.320
3.60900E-04,3.360
3.61000E-04,3.320
3.61100E-04,3.360
3.61200E-04,3.320
3.61300E-04,3.360
3.61400E-04,3.360
3.61500E-04,3.360
3.61600E-04,3.320
3.61700E-04,3.320
3.61800E-04,3.280
3.61900E-04,1.560
3.62000E-04,0.040
3.62100E-04,0.000
3.62200E-04,0.000
3.62300E-04,0.040
3.62400E-04,-0.040
3.62500E-04,0.040
3.62600E-04,-0.040
3.62700E-04,0.040
3.62800E-04,-0.040
3.62900E-04,-0.040
3.63000E-04,0.000
3.63100E-04,-0.040
3.63200E-04,-0.040
3.63300E-04,-0.040
3.63400E-04,-0.040
3.63500E-04,0.000
3.63600E-04,0.000
3.63700E-04,0.000
3.63800E-04,-0.040
3.63900E-04,-0.040
3.64000E-04,0.000
3.64100E-04,-0.040
3.64200E-04,0.000
3.64300E-04,0.000
3.64400E-04,0.000
3.64500E-04,0.000
3.64600E-04,-0.040
3.64700E-04,0.000
3.64800E-04,0.040
3.64900E-04,0.000
3.65000E-04,0.000
3.65100E-04,-0.040
3.65200E-04,0.000
3.65300E-04,-0.080
3.65400E-04,-0.080
3.65500E-04,-0.040
3.65600E-04,-0.040
3.65700E-04,-0.080
3.65800E-04,-0.040
3.65900E-04,-0.080
3.66000E-04,0.720
3.66100E-04,3.200
3.66200E-04,3.360
3.66300E-04,3.280
3.66400E-04,3.280
3.66500E-04,3.280
3.66600E-04,3.320
3.66700E-04,3.280
3.66800E-04,3.320
3.66900E-04,3.360
3.67000E-04,3.360
3.67100E-04,3.360
3.67200E-04,3.360
3.67300E-04,3.360
3.67400E-04,3.320
3.67500E-04,3.320
3.67600E-04,3.360
3.67700E-04,3.320
3.67800E-04,3.360
3.67900E-04,3.320
3.68000E-04,3.320
3.68100E-04,0.200
3.68200E-04,0.040
3.68300E-04,0.040
3.68400E-04,-0.040
3.68500E-04,0.040
3.68600E-04,-0.040
3.68700E-04,-0.040
3.68800E-04,0.080
3.68900E-04,0.040
3.69000E-04,-0.040
3.69100E-04,-0.040
3.69200E-04,0.000
3.69300E-04,-0.040
3.69400E-04,-0.040
3.69500E-04,0.000
3.69600E-04,-0.040
3.69700E-04,-0.040
3.69800E-04,-0.080
3.69900E-04,-0.080
3.70000E-04,-0.040
3.70100E-04,0.000
3.70200E-04,-0.040
3.70300E-04,-0.080
3.70400E-04,-0.040
3.70500E-04,-0.040
3.70600E-04,-0.040
3.70700E-04,-0.040
3.70800E-04,-0.040
3.70900E-04,-0.040
3.71000E-04,-0.040
3.71100E-04,0.000
3.71200E-04,-0.120
3.71300E-04,-0.040
3.71400E-04,-0.040
3.71500E-04,-0.040
3.71600E-04,-0.080
3.71700E-04,0.680
3.71800E-04,3.240
3.71900E-04,3.320
3.72000E-04,3.200
3.72100E-04,3.360
3.72200E-04,3.360
3.72300E-04,3.360
3.72400E-04,3.360
3.72500E-04,3.360
3.72600E-04,3.320
3.72700E-04,3.360
3.72800E-04,3.360
3.72900E-04,3.280
3.73000E-04,3.320
3.73100E-04,3.360
3.73200E-04,3.320
3.73300E-04,3.360
3.73400E-04,3.320
3.73500E-04,3.360
3.73600E-04,3.360
3.73700E-04,3.360
3.73800E-04,2.520
3.73900E-04,0.120
3.74000E-04,0.040
3.74100E-04,-0.040
3.74200E-04,0.040
3.74300E-04,-0.040
3.74400E-04,-0.040
3.74500E-04,-0.040
3.74600E-04,-0.040
3.74700E-04,0.000
3.74800E-04,0.000
3.74900E-04,-0.040
3.75000E-04,-0.040
3.75100E-04,-0.040
3.75200E-04,-0.040
3.75300E-04,0.000
3.75400E-04,-0.080
3.75500E-04,-0.040
3.75600E-04,-0.040
3.75700E-04,-0.040
3.75800E-04,-0.040
3.75900E-04,-0.040
3.76000E-04,0.000
3.76100E-04,-0.080
3.76200E-04,0.000
3.76300E-04,-0.040
3.76400E-04,-0.040
3.76500E-04,-0.080
3.76600E-04,-0.040
3.76700E-04,0.000
3.76800E-04,-0.040
3.76900E-04,-0.040
3.77000E-04,0.040
3.77100E-04,-0.080
3.77200E-04,-0.080
3.77300E-04,-0.040
3.77400E-04,-0.080
3.77500E-04,-0.040
3.77600E-04,0.000
3.77700E-04,-0.040
3.77800E-04,0.000
3.77900E-04,0.680
3.78000E-04,3.240
3.78100E-04,3.240
3.78200E-04,3.280
3.78300E-04,3.280
3.78400E-04,3.320
3.78500E-04,3.240
3.78600E-04,3.280
3.78700E-04,3.320
3.78800E-04,3.360
3.78900E-04,3.360
3.79000E-04,3.320
3.79100E-04,3.320
3.79200E-04,3.360
3.79300E-04,3.320
3.79400E-04,3.360
3.79500E-04,3.320
3.79600E-04,3.240
3.79700E-04,3.320
3.79800E-04,3.320
3.79900E-04,3.320
3.80000E-04,0.280
3.80100E-04,0.080
3.80200E-04,0.080
3.80300E-04,0.040
3.80400E-04,0.080
3.80500E-04,0.040
3.80600E-04,-0.040
3.80700E-04,0.000
3.80800E-04,-0.040
3.80900E-04,0.000
3.81000E-04,-0.040
3.81100E-04,-0.040
3.81200E-04,-0.040
3.81300E-04,0.000
3.81400E-04,0.000
3.81500E-04,0.000
3.81600E-04,0.000
3.81700E-04,-0.040
3.81800E-04,-0.040
3.81900E-04,-0.120
3.82000E-04,-0.080
3.82100E-04,-0.040
3.82200E-04,-0.040
3.82300E-04,-0.080
3.82400E-04,-0.080
3.82500E-04,-0.080
3.82600E-04,-0.040
3.82700E-04,-0.040
3.82800E-04,0.000
3.82900E-04,0.000
3.83000E-04,-0.040
3.83100E-04,-0.040
3.83200E-04,-0.040
3.83300E-04,-0.040
3.83400E-04,-0.040
3.83500E-04,-0.080
3.83600E-04,0.000
3.83700E-04,-0.040
3.83800E-04,-0.040
3.83900E-04,-0.080
3.84000E-04,-0.040
3.84100E-04,3.120
3.84200E-04,3.320
3.84300E-04,3.240
3.84400E-04,3.320
3.84500E-04,3.320
3.84600E-04,3.320
3.84700E-04,3.360
3.84800E-04,3.240
3.84900E-04,3.320
3.85000E-04,3.360
3.85100E-04,3.360
3.85200E-04,3.280
3.85300E-04,3.320
3.85400E-04,3.320
3.85500E-04,3.320
3.85600E-04,3.320
3.85700E-04,3.320
3.85800E-04,3.320
3.85900E-04,3.360
3.86000E-04,3.360
3.86100E-04,0.920
3.86200E-04,0.040
3.86300E-04,-0.040
3.86400E-04,-0.040
3.86500E-04,0.000
3.86600E-04,-0.040
3.86700E-04,-0.040
3.86800E-04,0.000
3.86900E-04,-0.040
3.87000E-04,-0.040
3.87100E-04,-0.040
3.87200E-04,0.040
3.87300E-04,-0.040
3.87400E-04,0.000
3.87500E-04,0.000
3.87600E-04,0.000
3.87700E-04,0.000
3.87800E-04,0.040
3.87900E-04,0.000
3.88000E-04,-0.040
3.88100E-04,-0.040
3.88200E-04,0.000
3.88300E-04,-0.080
3.88400E-04,-0.040
3.88500E-04,-0.040
3.88600E-04,0.000
3.88700E-04,-0.040
3.88800E-04,-0.040
3.88900E-04,-0.080
3.89000E-04,0.040
3.89100E-04,-0.080
3.89200E-04,0.040
3.89300E-04,-0.080
3.89400E-04,-0.080
3.89500E-04,-0.040
3.89600E-04,-0.080
3.89700E-04,-0.040
3.89800E-04,3.120
3.89900E-04,3.240
3.90000E-04,3.280
3.90100E-04,3.280
3.90200E-04,3.360
3.90300E-04,3.320
3.90400E-04,3.320
3.90500E-04,3.320
3.90600E-04,3.320
3.90700E-04,3.320
3.90800E-04,3.320
3.90900E-04,3.360
3.91000E-04,3.320
3.91100E-04,3.320
3.91200E-04,3.320
3.91300E-04,3.320
3.91400E-04,3.240
3.91500E-04,3.320
3.91600E-04,3.320
3.91700E-04,3.320
3.91800E-04,0.520
3.91900E-04,0.040
3.92000E-04,0.040
3.92100E-04,0.000
3.92200E-04,0.000
3.92300E-04,0.040
3.92400E-04,0.000
3.92500E-04,-0.040
3.92600E-04,0.000
3.92700E-04,0.000
3.92800E-04,0.000
3.92900E-04,-0.080
3.93000E-04,0.000
3.93100E-04,-0.120
3.93200E-04,-0.080
3.93300E-04,-0.040
3.93400E-04,-0.040
3.93500E-04,0.000
3.93600E-04,0.000
3.93700E-04,0.000
3.93800E-04,-0.040
3.93900E-04,-0.040
3.94000E-04,-0.040
3.94100E-04,-0.080
3.94200E-04,-0.080
3.94300E-04,-0.040
3.94400E-04,-0.040
3.94500E-04,-0.040
3.94600E-04,-0.040
3.94700E-04,-0.040
3.94800E-04,0.000
3.94900E-04,0.000
3.95000E-04,0.000
3.95100E-04,0.000
3.95200E-04,0.000
3.95300E-04,-0.040
3.95400E-04,0.000
3.95500E-04,-0.080
3.95600E-04,-0.040
3.95700E-04,-0.080
3.95800E-04,-0.080
3.95900E-04,0.680
3.96000E-04,3.240
3.96100E-04,3.280
3.96200E-04,3.360
3.96300E-04,3.320
3.96400E-04,3.360
3.96500E-04,3.320
3.96600E-04,3.320
3.96700E-04,3.280
3.96800E-04,3.320
3.96900E-04,3.320
3.97000E-04,3.360
3.97100E-04,3.360
3.97200E-04,3.360
3.97300E-04,3.320
3.97400E-04,3.320
3.97500E-04,3.320
3.97600E-04,3.320
3.97700E-04,3.320
3.97800E-04,3.320
3.97900E-04,3.320
3.98000E-04,0.200
3.98100E-04,0.040
3.98200E-04,0.080
3.98300E-04,0.040
3.98400E-04,-0.040
3.98500E-04,0.000
3.98600E-04,-0.040
3.98700E-04,0.040
3.98800E-04,0.040
3.98900E-04,0.040
3.99000E-04,-0.040
3.99100E-04,0.000
3.99200E-04,0.040
3.99300E-04,0.000
3.99400E-04,-0.080
3.99500E-04,-0.080
3.99600E-04,-0.040
3.99700E-04,-0.040
3.99800E-04,-0.040
3.99900E-04,-0.040
4.00000E-04,-0.040
4.00100E-04,-0.040
4.00200E-04,-0.040
4.00300E-04,0.000
4.00400E-04,0.000
4.00500E-04,0.000
4.00600E-04,0.000
4.00700E-04,-0.040
4.00800E-04,-0.040
4.00900E-04,-0.080
4.01000E-04,-0.080
4.01100E-04,0.000
4.01200E-04,-0.040
4.01300E-04,-0.080
4.01400E-04,-0.080
4.01500E-04,0.000
4.01600E-04,-0.040
4.01700E-04,-0.040
4.01800E-04,-0.080
4.01900E-04,-0.040
4.02000E-04,0.000
4.02100E-04,3.080
4.02200E-04,3.240
4.02300E-04,3.240
4.02400E-04,3.280
4.02500E-04,3.320
4.02600E-04,3.360
4.02700E-04,3.320
4.02800E-04,3.320
4.02900E-04,3.320
4.03000E-04,3.320
4.03100E-04,3.280
4.03200E-04,3.280
4.03300E-04,3.360
4.03400E-04,3.280
4.03500E-04,3.360
4.03600E-04,3.360
4.03700E-04,3.320
4.03800E-04,3.320
4.03900E-04,3.320
4.04000E-04,3.320
4.04100E-04,0.880
4.04200E-04,0.040
4.04300E-04,0.040
4.04400E-04,-0.040
4.04500E-04,0.000
4.04600E-04,0.000
4.04700E-04,0.000
4.04800E-04,0.000
4.04900E-04,0.000
4.05000E-04,0.000
4.05100E-04,-0.040
4.05200E-04,0.000
4.05300E-04,0.000
4.05400E-04,0.000
4.05500E-04,0.000
4.05600E-04,-0.080
4.05700E-04,-0.040
4.05800E-04,-0.040
4.05900E-04,-0.040
4.06000E-04,-0.040
4.06100E-04,-0.120
4.06200E-04,-0.040
4.06300E-04,-0.040
4.06400E-04,0.000
